accordance	automatic	1.1428571428571428	[2.0, 0.0, 3.0, 0.0, 1.0, 2.0, 0.0]
bay	tour	0.42857142857142855	[0.0, 0.0, 0.0, 0.0, 1.0, 0.0, 2.0]
cough	hawk	4.0	[6.0, 4.0, 6.0, 0.0, 4.0, 4.0, 4.0]
according	agree	6.428571428571429	[6.0, 8.0, 8.0, 4.0, 6.0, 5.0, 8.0]
discovery	formula	2.142857142857143	[1.0, 4.0, 2.0, 4.0, 0.0, 4.0, 0.0]
penny	cent	7.857142857142857	[8.0, 8.0, 8.0, 8.0, 7.0, 8.0, 8.0]
adaptation	collaboration	3.0	[2.0, 2.0, 6.0, 4.0, 4.0, 2.0, 1.0]
communicate	reply	5.857142857142857	[4.0, 6.0, 6.0, 6.0, 8.0, 6.0, 5.0]
succeed	try	3.7142857142857144	[4.0, 3.0, 4.0, 4.0, 4.0, 4.0, 3.0]
adoption	fostering	4.428571428571429	[6.0, 2.0, 6.0, 1.0, 6.0, 4.0, 6.0]
parade	fear	0.5714285714285714	[2.0, 0.0, 0.0, 0.0, 2.0, 0.0, 0.0]
different	changed	6.142857142857143	[6.0, 8.0, 8.0, 5.0, 8.0, 2.0, 6.0]
adult	person	6.428571428571429	[7.0, 4.0, 6.0, 8.0, 8.0, 6.0, 6.0]
root	bark	4.285714285714286	[4.0, 2.0, 6.0, 4.0, 6.0, 4.0, 4.0]
quiet	meek	6.0	[7.0, 6.0, 4.0, 5.0, 8.0, 4.0, 8.0]
affair	profits	2.0	[2.0, 2.0, 0.0, 2.0, 2.0, 2.0, 4.0]
column	temple	2.857142857142857	[2.0, 2.0, 2.0, 2.0, 4.0, 4.0, 4.0]
automatic	robotic	6.428571428571429	[7.0, 7.0, 6.0, 8.0, 7.0, 6.0, 4.0]
afraid	horrified	7.142857142857143	[7.0, 6.0, 7.0, 6.0, 8.0, 8.0, 8.0]
unit	assembly	4.571428571428571	[4.0, 4.0, 2.0, 4.0, 4.0, 6.0, 8.0]
nurse	medic	6.142857142857143	[7.0, 6.0, 6.0, 6.0, 4.0, 6.0, 8.0]
aggregate	mass	6.428571428571429	[8.0, 4.0, 7.0, 6.0, 8.0, 8.0, 4.0]
acute	shooting	2.0	[2.0, 2.0, 4.0, 4.0, 0.0, 2.0, 0.0]
polls	voting	5.0	[4.0, 6.0, 7.0, 6.0, 4.0, 4.0, 4.0]
history	renaissance	4.0	[7.0, 3.0, 4.0, 6.0, 2.0, 2.0, 4.0]
alert	favour	1.1428571428571428	[1.0, 0.0, 4.0, 1.0, 0.0, 0.0, 2.0]
dirty	sneaky	6.285714285714286	[6.0, 6.0, 8.0, 6.0, 4.0, 8.0, 6.0]
blame	accusation	8.0	[8.0, 8.0, 8.0, 8.0, 8.0, 8.0, 8.0]
along	adjacent	5.285714285714286	[4.0, 4.0, 6.0, 6.0, 5.0, 8.0, 4.0]
laws	ruling	6.571428571428571	[8.0, 6.0, 7.0, 6.0, 7.0, 8.0, 4.0]
altogether	well	2.7142857142857144	[0.0, 4.0, 7.0, 1.0, 3.0, 1.0, 3.0]
elite	select	6.0	[4.0, 8.0, 8.0, 7.0, 4.0, 8.0, 3.0]
naked	unprotected	6.428571428571429	[8.0, 4.0, 8.0, 4.0, 7.0, 8.0, 6.0]
architecture	favourite	0.42857142857142855	[0.0, 0.0, 0.0, 2.0, 0.0, 0.0, 1.0]
arrive	right	1.2857142857142858	[2.0, 2.0, 0.0, 3.0, 0.0, 2.0, 0.0]
plant	hood	2.4285714285714284	[4.0, 2.0, 2.0, 4.0, 2.0, 2.0, 1.0]
argue	maintain	3.857142857142857	[6.0, 2.0, 2.0, 6.0, 6.0, 3.0, 2.0]
require	beg	3.857142857142857	[2.0, 6.0, 4.0, 6.0, 4.0, 4.0, 1.0]
arise	ascend	7.0	[6.0, 8.0, 6.0, 7.0, 6.0, 8.0, 8.0]
trip	walk	4.0	[4.0, 4.0, 3.0, 4.0, 5.0, 4.0, 4.0]
relaxing	rest	7.428571428571429	[8.0, 8.0, 8.0, 6.0, 8.0, 6.0, 8.0]
arts	publication	4.714285714285714	[4.0, 4.0, 5.0, 4.0, 4.0, 6.0, 6.0]
clutch	snatch	6.571428571428571	[5.0, 5.0, 8.0, 6.0, 8.0, 6.0, 8.0]
manufacture	okay	0.7142857142857143	[0.0, 1.0, 0.0, 0.0, 2.0, 0.0, 2.0]
ask	quiz	6.571428571428571	[6.0, 6.0, 6.0, 8.0, 8.0, 6.0, 6.0]
kindness	courtesy	6.285714285714286	[8.0, 4.0, 6.0, 8.0, 6.0, 6.0, 6.0]
assault	attack	7.714285714285714	[8.0, 8.0, 6.0, 8.0, 8.0, 8.0, 8.0]
much	notably	3.7142857142857144	[4.0, 6.0, 4.0, 4.0, 2.0, 4.0, 2.0]
meeting	agreement	4.428571428571429	[4.0, 4.0, 4.0, 5.0, 4.0, 4.0, 6.0]
assess	burning	0.42857142857142855	[0.0, 0.0, 0.0, 2.0, 1.0, 0.0, 0.0]
wasting	wow	0.42857142857142855	[0.0, 0.0, 0.0, 2.0, 0.0, 1.0, 0.0]
lied	harm	2.7142857142857144	[2.0, 1.0, 4.0, 4.0, 4.0, 4.0, 0.0]
assignment	maximum	1.0	[0.0, 0.0, 0.0, 0.0, 2.0, 5.0, 0.0]
making	travel	1.4285714285714286	[0.0, 3.0, 0.0, 0.0, 0.0, 5.0, 2.0]
conscious	outer	2.5714285714285716	[4.0, 6.0, 1.0, 4.0, 0.0, 2.0, 1.0]
strain	wolf	0.2857142857142857	[0.0, 0.0, 0.0, 2.0, 0.0, 0.0, 0.0]
attendance	attending	5.857142857142857	[6.0, 7.0, 6.0, 8.0, 4.0, 6.0, 4.0]
busy	french	0.2857142857142857	[2.0, 0.0, 0.0, 0.0, 0.0, 0.0, 0.0]
attitude	line	0.5714285714285714	[1.0, 2.0, 0.0, 0.0, 1.0, 0.0, 0.0]
graduate	product	2.7142857142857144	[1.0, 4.0, 3.0, 0.0, 5.0, 2.0, 4.0]
rich	expressive	2.142857142857143	[1.0, 2.0, 6.0, 1.0, 1.0, 2.0, 2.0]
authority	photo	0.7142857142857143	[1.0, 0.0, 0.0, 0.0, 0.0, 4.0, 0.0]
ford	stream	4.571428571428571	[6.0, 6.0, 2.0, 4.0, 4.0, 4.0, 6.0]
affiliate	land	1.1428571428571428	[4.0, 0.0, 0.0, 2.0, 0.0, 2.0, 0.0]
axe	whack	5.0	[4.0, 6.0, 4.0, 4.0, 4.0, 7.0, 6.0]
balanced	offset	3.4285714285714284	[2.0, 6.0, 4.0, 4.0, 4.0, 0.0, 4.0]
recovered	save	4.0	[3.0, 6.0, 4.0, 5.0, 6.0, 0.0, 4.0]
study	house	3.142857142857143	[4.0, 4.0, 5.0, 2.0, 3.0, 4.0, 0.0]
balancing	correspond	4.142857142857143	[4.0, 3.0, 6.0, 2.0, 2.0, 4.0, 8.0]
composition	johnson	0.0	[0.0, 0.0, 0.0, 0.0, 0.0, 0.0, 0.0]
array	sentence	2.142857142857143	[5.0, 4.0, 4.0, 2.0, 0.0, 0.0, 0.0]
band	section	3.7142857142857144	[6.0, 1.0, 4.0, 4.0, 5.0, 4.0, 2.0]
acid	harsh	3.142857142857143	[4.0, 1.0, 2.0, 6.0, 1.0, 6.0, 2.0]
impact	privacy	0.7142857142857143	[0.0, 0.0, 4.0, 0.0, 0.0, 0.0, 1.0]
bars	stress	2.2857142857142856	[5.0, 0.0, 2.0, 0.0, 5.0, 4.0, 0.0]
torn	uncertain	6.428571428571429	[8.0, 8.0, 4.0, 8.0, 5.0, 8.0, 4.0]
pressure	heat	5.428571428571429	[6.0, 4.0, 8.0, 8.0, 4.0, 4.0, 4.0]
knocking	alive	2.142857142857143	[3.0, 1.0, 3.0, 2.0, 1.0, 1.0, 4.0]
experience	understanding	4.571428571428571	[6.0, 2.0, 8.0, 6.0, 4.0, 2.0, 4.0]
bastard	mixed	2.5714285714285716	[3.0, 2.0, 2.0, 2.0, 1.0, 6.0, 2.0]
courtesy	favor	6.0	[8.0, 7.0, 4.0, 6.0, 6.0, 3.0, 8.0]
fantastic	severe	2.7142857142857144	[6.0, 0.0, 2.0, 2.0, 2.0, 3.0, 4.0]
burke	squash	5.428571428571429	[6.0, 4.0, 7.0, 5.0, 8.0, 6.0, 2.0]
walk	wear	0.7142857142857143	[0.0, 2.0, 0.0, 0.0, 0.0, 2.0, 1.0]
belong	swing	1.1428571428571428	[0.0, 3.0, 0.0, 5.0, 0.0, 0.0, 0.0]
wet	recovered	0.8571428571428571	[1.0, 3.0, 0.0, 2.0, 0.0, 0.0, 0.0]
pot	bathroom	1.7142857142857142	[0.0, 3.0, 0.0, 5.0, 1.0, 0.0, 3.0]
bias	sway	6.0	[8.0, 2.0, 6.0, 6.0, 6.0, 6.0, 8.0]
religious	canonical	5.571428571428571	[4.0, 7.0, 8.0, 4.0, 4.0, 8.0, 4.0]
fair	clement	2.857142857142857	[2.0, 1.0, 2.0, 1.0, 2.0, 6.0, 6.0]
blend	benefit	0.8571428571428571	[0.0, 0.0, 0.0, 0.0, 6.0, 0.0, 0.0]
signature	book	3.142857142857143	[4.0, 1.0, 2.0, 2.0, 5.0, 4.0, 4.0]
moral	mid	0.0	[0.0, 0.0, 0.0, 0.0, 0.0, 0.0, 0.0]
blunt	abrupt	6.0	[4.0, 6.0, 6.0, 6.0, 8.0, 8.0, 4.0]
row	wall	1.0	[2.0, 0.0, 3.0, 0.0, 0.0, 2.0, 0.0]
keep	foot	0.42857142857142855	[3.0, 0.0, 0.0, 0.0, 0.0, 0.0, 0.0]
boom	slam	5.857142857142857	[6.0, 4.0, 8.0, 5.0, 6.0, 8.0, 4.0]
shocked	amazed	7.0	[8.0, 8.0, 7.0, 5.0, 8.0, 5.0, 8.0]
precious	dear	6.571428571428571	[8.0, 7.0, 5.0, 6.0, 8.0, 8.0, 4.0]
boot	upper	3.2857142857142856	[4.0, 2.0, 4.0, 2.0, 4.0, 3.0, 4.0]
human	healthy	2.142857142857143	[4.0, 2.0, 0.0, 2.0, 1.0, 1.0, 5.0]
border	grab	0.14285714285714285	[0.0, 0.0, 0.0, 0.0, 0.0, 0.0, 1.0]
train	presentation	1.0	[2.0, 4.0, 0.0, 0.0, 0.0, 0.0, 1.0]
breeze	men	0.42857142857142855	[0.0, 2.0, 0.0, 0.0, 0.0, 0.0, 1.0]
bracket	brace	6.714285714285714	[6.0, 6.0, 8.0, 8.0, 5.0, 6.0, 8.0]
cancel	schedule	2.7142857142857144	[2.0, 4.0, 4.0, 4.0, 1.0, 4.0, 0.0]
repeated	habitual	7.142857142857143	[8.0, 8.0, 8.0, 6.0, 8.0, 8.0, 4.0]
brake	block	4.857142857142857	[4.0, 8.0, 6.0, 4.0, 6.0, 4.0, 2.0]
acceptance	agreement	6.571428571428571	[5.0, 6.0, 8.0, 7.0, 8.0, 8.0, 4.0]
anti	strip	0.7142857142857143	[1.0, 4.0, 0.0, 0.0, 0.0, 0.0, 0.0]
break	escape	4.285714285714286	[5.0, 4.0, 2.0, 4.0, 7.0, 4.0, 4.0]
decent	right	6.0	[5.0, 6.0, 6.0, 8.0, 5.0, 8.0, 4.0]
type	shot	1.1428571428571428	[0.0, 0.0, 0.0, 1.0, 1.0, 2.0, 4.0]
breathe	prime	0.7142857142857143	[1.0, 0.0, 2.0, 0.0, 0.0, 2.0, 0.0]
answer	plead	6.0	[6.0, 4.0, 6.0, 8.0, 7.0, 6.0, 5.0]
expression	leader	1.5714285714285714	[2.0, 4.0, 0.0, 0.0, 0.0, 4.0, 1.0]
breed	create	6.0	[6.0, 8.0, 4.0, 8.0, 6.0, 2.0, 8.0]
addressed	give	4.285714285714286	[4.0, 4.0, 2.0, 6.0, 4.0, 4.0, 6.0]
reign	frame	0.8571428571428571	[2.0, 0.0, 0.0, 4.0, 0.0, 0.0, 0.0]
broadway	drama	5.571428571428571	[8.0, 4.0, 7.0, 6.0, 4.0, 4.0, 6.0]
automatically	best	0.8571428571428571	[2.0, 2.0, 0.0, 2.0, 0.0, 0.0, 0.0]
brutal	animal	3.2857142857142856	[4.0, 6.0, 3.0, 0.0, 5.0, 3.0, 2.0]
peak	rise	5.857142857142857	[4.0, 6.0, 5.0, 7.0, 6.0, 7.0, 6.0]
growth	advance	7.285714285714286	[8.0, 7.0, 8.0, 7.0, 5.0, 8.0, 8.0]
build	manufacture	7.142857142857143	[8.0, 6.0, 8.0, 4.0, 8.0, 8.0, 8.0]
performance	attainment	3.2857142857142856	[5.0, 2.0, 4.0, 6.0, 4.0, 2.0, 0.0]
sin	corruption	5.571428571428571	[6.0, 6.0, 6.0, 4.0, 6.0, 7.0, 4.0]
butt	variety	0.2857142857142857	[2.0, 0.0, 0.0, 0.0, 0.0, 0.0, 0.0]
soup	difficulty	0.8571428571428571	[0.0, 2.0, 0.0, 0.0, 0.0, 4.0, 0.0]
email	mail	7.142857142857143	[8.0, 8.0, 8.0, 8.0, 6.0, 6.0, 6.0]
butterfly	freeze	0.42857142857142855	[0.0, 0.0, 2.0, 0.0, 1.0, 0.0, 0.0]
cell	monastery	2.2857142857142856	[2.0, 2.0, 1.0, 6.0, 3.0, 0.0, 2.0]
washington	adams	4.285714285714286	[4.0, 4.0, 4.0, 6.0, 4.0, 6.0, 2.0]
camp	deputy	0.2857142857142857	[0.0, 0.0, 0.0, 2.0, 0.0, 0.0, 0.0]
rebuild	patch	5.428571428571429	[4.0, 8.0, 4.0, 4.0, 6.0, 4.0, 8.0]
recruit	beginner	4.714285714285714	[4.0, 6.0, 6.0, 2.0, 6.0, 3.0, 6.0]
lap	skirt	3.857142857142857	[6.0, 4.0, 3.0, 4.0, 4.0, 4.0, 2.0]
sober	drink	2.857142857142857	[2.0, 4.0, 2.0, 4.0, 4.0, 1.0, 3.0]
led	compete	1.7142857142857142	[0.0, 4.0, 0.0, 2.0, 4.0, 2.0, 0.0]
catch	surprise	5.142857142857143	[8.0, 6.0, 4.0, 6.0, 4.0, 2.0, 6.0]
exhaust	crack	3.7142857142857144	[8.0, 4.0, 3.0, 4.0, 3.0, 1.0, 3.0]
auxiliary	actor	2.4285714285714284	[4.0, 0.0, 2.0, 4.0, 4.0, 1.0, 2.0]
cause	object	2.142857142857143	[4.0, 2.0, 3.0, 2.0, 1.0, 1.0, 2.0]
attack	failure	1.2857142857142858	[3.0, 1.0, 1.0, 0.0, 0.0, 0.0, 4.0]
senior	structural	0.5714285714285714	[2.0, 1.0, 0.0, 1.0, 0.0, 0.0, 0.0]
center	attract	3.5714285714285716	[6.0, 2.0, 6.0, 3.0, 2.0, 4.0, 2.0]
mighty	off	0.0	[0.0, 0.0, 0.0, 0.0, 0.0, 0.0, 0.0]
warm	kindly	7.0	[8.0, 8.0, 6.0, 7.0, 6.0, 8.0, 6.0]
challenge	question	7.0	[7.0, 6.0, 8.0, 8.0, 6.0, 6.0, 8.0]
attend	accompany	5.142857142857143	[6.0, 4.0, 6.0, 4.0, 4.0, 4.0, 8.0]
green	immature	6.285714285714286	[6.0, 8.0, 8.0, 6.0, 4.0, 4.0, 8.0]
chamber	bed	4.142857142857143	[3.0, 4.0, 2.0, 4.0, 6.0, 4.0, 6.0]
half	football	2.142857142857143	[4.0, 4.0, 4.0, 0.0, 0.0, 0.0, 3.0]
handle	giving	2.0	[2.0, 0.0, 4.0, 2.0, 0.0, 4.0, 2.0]
mine	dig	6.428571428571429	[5.0, 4.0, 8.0, 8.0, 4.0, 8.0, 8.0]
charged	owing	4.285714285714286	[4.0, 5.0, 5.0, 2.0, 6.0, 4.0, 4.0]
documentation	letter	6.428571428571429	[6.0, 8.0, 6.0, 8.0, 4.0, 7.0, 6.0]
ordinary	prevailing	2.7142857142857144	[5.0, 0.0, 0.0, 4.0, 4.0, 1.0, 5.0]
charitable	thoughtful	5.285714285714286	[7.0, 6.0, 4.0, 4.0, 4.0, 4.0, 8.0]
plate	scale	4.142857142857143	[5.0, 2.0, 6.0, 6.0, 2.0, 4.0, 4.0]
intro	trigger	4.0	[4.0, 4.0, 6.0, 4.0, 4.0, 6.0, 0.0]
chase	race	5.857142857142857	[4.0, 2.0, 8.0, 6.0, 7.0, 8.0, 6.0]
expert	taken	0.7142857142857143	[0.0, 0.0, 0.0, 0.0, 4.0, 0.0, 1.0]
chest	shelf	2.4285714285714284	[1.0, 2.0, 2.0, 6.0, 4.0, 0.0, 2.0]
check	candle	2.0	[1.0, 1.0, 2.0, 1.0, 4.0, 0.0, 5.0]
remedy	assistance	3.4285714285714284	[1.0, 2.0, 4.0, 2.0, 5.0, 6.0, 4.0]
rider	bill	3.0	[4.0, 2.0, 4.0, 4.0, 0.0, 4.0, 3.0]
cheek	face	4.142857142857143	[6.0, 4.0, 4.0, 4.0, 4.0, 4.0, 3.0]
transmission	clutch	2.5714285714285716	[0.0, 4.0, 4.0, 2.0, 4.0, 2.0, 2.0]
seal	quarantine	3.4285714285714284	[6.0, 2.0, 4.0, 4.0, 5.0, 1.0, 2.0]
chicken	breast	2.7142857142857144	[4.0, 4.0, 2.0, 3.0, 0.0, 0.0, 6.0]
formal	derived	0.5714285714285714	[2.0, 2.0, 0.0, 0.0, 0.0, 0.0, 0.0]
accurate	camp	0.0	[0.0, 0.0, 0.0, 0.0, 0.0, 0.0, 0.0]
chip	slice	5.714285714285714	[5.0, 3.0, 6.0, 6.0, 8.0, 6.0, 6.0]
evidence	significant	4.285714285714286	[5.0, 3.0, 4.0, 3.0, 8.0, 1.0, 6.0]
alter	convert	5.714285714285714	[5.0, 8.0, 6.0, 8.0, 3.0, 4.0, 6.0]
civilian	subject	4.0	[6.0, 3.0, 7.0, 3.0, 4.0, 3.0, 2.0]
shot	consume	3.0	[4.0, 1.0, 7.0, 4.0, 2.0, 3.0, 0.0]
brave	withstand	6.0	[4.0, 8.0, 6.0, 6.0, 4.0, 6.0, 8.0]
clip	gun	3.7142857142857144	[4.0, 2.0, 4.0, 4.0, 4.0, 4.0, 4.0]
considerable	noteworthy	7.571428571428571	[8.0, 8.0, 8.0, 8.0, 7.0, 6.0, 8.0]
abstract	assist	0.8571428571428571	[1.0, 0.0, 0.0, 2.0, 3.0, 0.0, 0.0]
cloud	distract	4.0	[2.0, 5.0, 5.0, 6.0, 6.0, 2.0, 2.0]
revenge	match	2.5714285714285716	[0.0, 3.0, 3.0, 4.0, 6.0, 2.0, 0.0]
clown	death	0.2857142857142857	[0.0, 1.0, 0.0, 1.0, 0.0, 0.0, 0.0]
taste	student	0.0	[0.0, 0.0, 0.0, 0.0, 0.0, 0.0, 0.0]
profits	share	3.7142857142857144	[4.0, 6.0, 4.0, 4.0, 0.0, 6.0, 2.0]
collect	array	2.0	[1.0, 4.0, 0.0, 2.0, 2.0, 5.0, 0.0]
bid	bridge	2.0	[2.0, 1.0, 4.0, 2.0, 1.0, 0.0, 4.0]
tons	many	5.285714285714286	[3.0, 4.0, 4.0, 4.0, 8.0, 6.0, 8.0]
color	rouge	4.571428571428571	[4.0, 2.0, 5.0, 6.0, 7.0, 4.0, 4.0]
troy	press	0.5714285714285714	[1.0, 0.0, 0.0, 0.0, 0.0, 0.0, 3.0]
compliment	wolf	0.0	[0.0, 0.0, 0.0, 0.0, 0.0, 0.0, 0.0]
place	decide	1.4285714285714286	[0.0, 1.0, 2.0, 2.0, 2.0, 1.0, 2.0]
appropriate	figured	0.8571428571428571	[0.0, 4.0, 0.0, 0.0, 2.0, 0.0, 0.0]
concentrate	settle	3.7142857142857144	[4.0, 4.0, 3.0, 2.0, 6.0, 3.0, 4.0]
spoke	flower	0.14285714285714285	[0.0, 1.0, 0.0, 0.0, 0.0, 0.0, 0.0]
escape	withdrawal	4.714285714285714	[6.0, 6.0, 4.0, 3.0, 6.0, 6.0, 2.0]
concentrated	terrible	1.8571428571428572	[0.0, 2.0, 0.0, 4.0, 3.0, 4.0, 0.0]
finger	hand	4.428571428571429	[6.0, 4.0, 4.0, 4.0, 4.0, 5.0, 4.0]
deal	separate	2.857142857142857	[2.0, 0.0, 4.0, 6.0, 5.0, 2.0, 1.0]
concluded	chart	3.0	[5.0, 6.0, 0.0, 3.0, 3.0, 1.0, 3.0]
bound	sure	4.0	[2.0, 6.0, 2.0, 3.0, 2.0, 7.0, 6.0]
disagree	quest	1.8571428571428572	[4.0, 2.0, 0.0, 5.0, 1.0, 1.0, 0.0]
concrete	strong	7.0	[6.0, 7.0, 8.0, 6.0, 6.0, 8.0, 8.0]
freely	spontaneously	6.571428571428571	[6.0, 7.0, 6.0, 6.0, 8.0, 6.0, 7.0]
sigh	loan	0.14285714285714285	[1.0, 0.0, 0.0, 0.0, 0.0, 0.0, 0.0]
condition	experiment	0.8571428571428571	[1.0, 4.0, 0.0, 0.0, 0.0, 0.0, 1.0]
gossip	account	2.7142857142857144	[5.0, 4.0, 0.0, 1.0, 4.0, 4.0, 1.0]
complete	term	2.0	[2.0, 2.0, 4.0, 2.0, 2.0, 2.0, 0.0]
conducting	accompany	3.0	[5.0, 2.0, 4.0, 2.0, 2.0, 4.0, 2.0]
scare	dismay	4.714285714285714	[4.0, 4.0, 4.0, 8.0, 6.0, 3.0, 4.0]
confusion	riot	2.7142857142857144	[2.0, 5.0, 1.0, 0.0, 5.0, 4.0, 2.0]
nuclear	mid	0.2857142857142857	[0.0, 1.0, 0.0, 0.0, 1.0, 0.0, 0.0]
consent	compliance	6.714285714285714	[8.0, 6.0, 6.0, 6.0, 6.0, 8.0, 7.0]
around	near	7.142857142857143	[8.0, 4.0, 8.0, 8.0, 8.0, 8.0, 6.0]
authorities	judiciary	6.428571428571429	[8.0, 8.0, 6.0, 4.0, 6.0, 5.0, 8.0]
consider	hold	5.285714285714286	[6.0, 4.0, 6.0, 6.0, 5.0, 5.0, 5.0]
orbit	path	6.714285714285714	[4.0, 6.0, 8.0, 8.0, 6.0, 8.0, 7.0]
constituted	create	6.142857142857143	[6.0, 6.0, 6.0, 7.0, 4.0, 6.0, 8.0]
responsible	bright	1.8571428571428572	[2.0, 0.0, 4.0, 3.0, 4.0, 0.0, 0.0]
dark	mystic	5.0	[6.0, 4.0, 6.0, 5.0, 6.0, 4.0, 4.0]
contained	have	6.714285714285714	[6.0, 6.0, 6.0, 7.0, 6.0, 8.0, 8.0]
command	program	4.714285714285714	[7.0, 6.0, 5.0, 5.0, 2.0, 2.0, 6.0]
seats	skirt	1.4285714285714286	[2.0, 3.0, 4.0, 0.0, 0.0, 0.0, 1.0]
contract	bridge	2.142857142857143	[4.0, 2.0, 4.0, 2.0, 2.0, 0.0, 1.0]
movement	moving	7.428571428571429	[8.0, 6.0, 8.0, 6.0, 8.0, 8.0, 8.0]
bigger	full	4.142857142857143	[4.0, 4.0, 5.0, 4.0, 4.0, 2.0, 6.0]
contribute	share	6.285714285714286	[4.0, 6.0, 6.0, 8.0, 6.0, 8.0, 6.0]
quietly	secretly	6.285714285714286	[6.0, 6.0, 6.0, 6.0, 6.0, 6.0, 8.0]
temporarily	next	1.7142857142857142	[1.0, 1.0, 0.0, 4.0, 4.0, 2.0, 0.0]
conventional	habitual	4.428571428571429	[6.0, 4.0, 4.0, 6.0, 5.0, 4.0, 2.0]
limit	egypt	0.0	[0.0, 0.0, 0.0, 0.0, 0.0, 0.0, 0.0]
anchor	vessel	2.857142857142857	[4.0, 4.0, 2.0, 2.0, 4.0, 4.0, 0.0]
correspondence	mail	6.142857142857143	[5.0, 4.0, 6.0, 8.0, 6.0, 6.0, 8.0]
paying	monitor	0.2857142857142857	[2.0, 0.0, 0.0, 0.0, 0.0, 0.0, 0.0]
covered	care	1.8571428571428572	[3.0, 1.0, 2.0, 1.0, 4.0, 2.0, 0.0]
couple	mate	6.142857142857143	[6.0, 7.0, 5.0, 4.0, 7.0, 6.0, 8.0]
likely	TRUE	5.285714285714286	[5.0, 6.0, 5.0, 5.0, 6.0, 6.0, 4.0]
coral	behavior	1.0	[0.0, 0.0, 0.0, 2.0, 1.0, 4.0, 0.0]
crap	rubbish	7.714285714285714	[8.0, 8.0, 8.0, 8.0, 6.0, 8.0, 8.0]
goddess	god	6.714285714285714	[7.0, 6.0, 7.0, 7.0, 6.0, 6.0, 8.0]
credit	balance	4.857142857142857	[7.0, 4.0, 8.0, 4.0, 2.0, 5.0, 4.0]
reaching	travel	4.0	[5.0, 4.0, 4.0, 3.0, 6.0, 4.0, 2.0]
grand	leg	0.42857142857142855	[0.0, 0.0, 0.0, 1.0, 0.0, 2.0, 0.0]
critical	dire	4.428571428571429	[6.0, 2.0, 6.0, 4.0, 5.0, 6.0, 2.0]
coast	sail	6.142857142857143	[7.0, 6.0, 8.0, 4.0, 2.0, 8.0, 8.0]
critically	painfully	4.428571428571429	[7.0, 4.0, 4.0, 6.0, 4.0, 2.0, 4.0]
office	place	4.285714285714286	[4.0, 4.0, 6.0, 4.0, 4.0, 6.0, 2.0]
account	husband	0.0	[0.0, 0.0, 0.0, 0.0, 0.0, 0.0, 0.0]
cry	mine	0.7142857142857143	[0.0, 1.0, 0.0, 2.0, 0.0, 0.0, 2.0]
bringing	come	4.857142857142857	[6.0, 4.0, 6.0, 3.0, 6.0, 4.0, 5.0]
distracted	parallel	1.7142857142857142	[6.0, 1.0, 0.0, 1.0, 0.0, 0.0, 4.0]
curve	arc	7.142857142857143	[6.0, 4.0, 8.0, 8.0, 8.0, 8.0, 8.0]
beginning	inter	1.0	[4.0, 0.0, 0.0, 0.0, 1.0, 0.0, 2.0]
dance	book	1.0	[4.0, 0.0, 0.0, 0.0, 2.0, 0.0, 1.0]
hollow	vibrant	1.5714285714285714	[0.0, 2.0, 0.0, 1.0, 3.0, 3.0, 2.0]
dating	measure	2.0	[2.0, 3.0, 2.0, 2.0, 1.0, 0.0, 4.0]
cold	narrow	2.5714285714285716	[2.0, 4.0, 4.0, 4.0, 0.0, 2.0, 2.0]
overall	global	3.7142857142857144	[6.0, 3.0, 6.0, 2.0, 2.0, 3.0, 4.0]
day	hour	4.0	[4.0, 4.0, 4.0, 4.0, 4.0, 4.0, 4.0]
cycling	kick	2.142857142857143	[3.0, 2.0, 2.0, 0.0, 0.0, 4.0, 4.0]
days	term	3.857142857142857	[4.0, 2.0, 4.0, 4.0, 4.0, 5.0, 4.0]
combat	blow	3.2857142857142856	[2.0, 3.0, 4.0, 4.0, 4.0, 4.0, 2.0]
endure	take	3.7142857142857144	[2.0, 4.0, 1.0, 6.0, 4.0, 6.0, 3.0]
dear	valuable	6.285714285714286	[6.0, 5.0, 6.0, 8.0, 6.0, 5.0, 8.0]
comparable	equal	6.428571428571429	[7.0, 6.0, 4.0, 8.0, 4.0, 8.0, 8.0]
settle	move	3.2857142857142856	[5.0, 5.0, 2.0, 4.0, 4.0, 3.0, 0.0]
decided	debate	3.0	[2.0, 3.0, 2.0, 2.0, 4.0, 6.0, 2.0]
quicker	spirited	1.4285714285714286	[2.0, 2.0, 0.0, 0.0, 4.0, 2.0, 0.0]
drill	influence	1.2857142857142858	[0.0, 3.0, 0.0, 2.0, 0.0, 4.0, 0.0]
decline	slump	6.285714285714286	[6.0, 6.0, 6.0, 6.0, 6.0, 6.0, 8.0]
blue	dismal	6.0	[6.0, 4.0, 4.0, 8.0, 6.0, 6.0, 8.0]
exposed	rapid	0.42857142857142855	[0.0, 0.0, 0.0, 1.0, 0.0, 2.0, 0.0]
delight	use	1.4285714285714286	[0.0, 3.0, 3.0, 3.0, 0.0, 1.0, 0.0]
shaped	accommodate	3.5714285714285716	[2.0, 3.0, 6.0, 4.0, 0.0, 6.0, 4.0]
dock	tail	2.857142857142857	[0.0, 3.0, 6.0, 4.0, 1.0, 2.0, 4.0]
demand	make	2.857142857142857	[4.0, 6.0, 0.0, 0.0, 2.0, 4.0, 4.0]
circle	arc	4.0	[2.0, 4.0, 5.0, 4.0, 5.0, 4.0, 4.0]
club	league	5.714285714285714	[6.0, 6.0, 6.0, 4.0, 6.0, 4.0, 8.0]
supporting	approve	7.142857142857143	[6.0, 8.0, 8.0, 6.0, 6.0, 8.0, 8.0]
desperate	gone	2.7142857142857144	[4.0, 3.0, 2.0, 4.0, 4.0, 2.0, 0.0]
conclusion	address	1.7142857142857142	[2.0, 0.0, 0.0, 4.0, 2.0, 2.0, 2.0]
painting	construction	3.0	[2.0, 1.0, 4.0, 4.0, 2.0, 4.0, 4.0]
destined	brief	0.8571428571428571	[2.0, 0.0, 0.0, 0.0, 2.0, 1.0, 1.0]
built	reduce	0.8571428571428571	[0.0, 1.0, 0.0, 2.0, 2.0, 0.0, 1.0]
fleet	grade	0.7142857142857143	[1.0, 3.0, 0.0, 0.0, 0.0, 0.0, 1.0]
determination	ward	0.2857142857142857	[0.0, 1.0, 0.0, 0.0, 1.0, 0.0, 0.0]
trail	power	0.42857142857142855	[0.0, 1.0, 0.0, 1.0, 0.0, 0.0, 1.0]
developing	improve	5.857142857142857	[6.0, 6.0, 6.0, 6.0, 6.0, 5.0, 6.0]
integrity	character	6.714285714285714	[7.0, 6.0, 6.0, 8.0, 8.0, 4.0, 8.0]
bitter	supporting	0.14285714285714285	[0.0, 0.0, 1.0, 0.0, 0.0, 0.0, 0.0]
devices	strength	0.0	[0.0, 0.0, 0.0, 0.0, 0.0, 0.0, 0.0]
call	hit	2.0	[2.0, 1.0, 1.0, 4.0, 2.0, 2.0, 2.0]
first	car	0.0	[0.0, 0.0, 0.0, 0.0, 0.0, 0.0, 0.0]
die	diminish	5.0	[8.0, 5.0, 4.0, 6.0, 6.0, 4.0, 2.0]
differential	alone	1.7142857142857142	[4.0, 1.0, 0.0, 2.0, 1.0, 0.0, 4.0]
air	earth	2.857142857142857	[4.0, 2.0, 0.0, 3.0, 1.0, 6.0, 4.0]
siege	annoy	5.0	[4.0, 6.0, 4.0, 5.0, 4.0, 6.0, 6.0]
disorder	disturbance	5.285714285714286	[8.0, 5.0, 6.0, 7.0, 6.0, 1.0, 4.0]
milk	montana	0.2857142857142857	[0.0, 1.0, 0.0, 0.0, 0.0, 1.0, 0.0]
rooms	cream	0.14285714285714285	[0.0, 1.0, 0.0, 0.0, 0.0, 0.0, 0.0]
display	shine	2.4285714285714284	[2.0, 3.0, 2.0, 1.0, 4.0, 4.0, 1.0]
split	croatia	0.7142857142857143	[0.0, 0.0, 0.0, 0.0, 1.0, 4.0, 0.0]
dude	dandy	6.0	[4.0, 7.0, 6.0, 8.0, 5.0, 4.0, 8.0]
disposal	disposition	5.571428571428571	[6.0, 4.0, 7.0, 8.0, 6.0, 4.0, 4.0]
life	past	4.142857142857143	[4.0, 5.0, 4.0, 4.0, 4.0, 4.0, 4.0]
running	together	2.2857142857142856	[0.0, 4.0, 0.0, 4.0, 2.0, 2.0, 4.0]
distant	shy	3.857142857142857	[2.0, 2.0, 4.0, 4.0, 4.0, 6.0, 5.0]
prompt	vigilant	5.285714285714286	[6.0, 3.0, 5.0, 3.0, 8.0, 8.0, 4.0]
bath	choose	0.14285714285714285	[0.0, 0.0, 0.0, 0.0, 0.0, 0.0, 1.0]
distribution	division	4.571428571428571	[6.0, 3.0, 4.0, 7.0, 2.0, 4.0, 6.0]
troubled	bird	1.0	[0.0, 4.0, 3.0, 0.0, 0.0, 0.0, 0.0]
banana	madness	0.7142857142857143	[0.0, 0.0, 0.0, 5.0, 0.0, 0.0, 0.0]
division	contrasting	4.0	[5.0, 3.0, 4.0, 4.0, 4.0, 6.0, 2.0]
ideal	exemplary	6.285714285714286	[6.0, 4.0, 6.0, 8.0, 8.0, 8.0, 4.0]
alien	inappropriate	2.2857142857142856	[4.0, 1.0, 4.0, 2.0, 2.0, 1.0, 2.0]
done	work	2.857142857142857	[4.0, 4.0, 2.0, 2.0, 4.0, 0.0, 4.0]
failing	graduate	1.5714285714285714	[4.0, 2.0, 0.0, 0.0, 4.0, 1.0, 0.0]
pie	fruit	2.5714285714285716	[4.0, 2.0, 1.0, 1.0, 4.0, 4.0, 2.0]
double	fate	0.42857142857142855	[0.0, 0.0, 3.0, 0.0, 0.0, 0.0, 0.0]
observe	honor	4.0	[2.0, 4.0, 4.0, 6.0, 4.0, 2.0, 6.0]
insult	slight	6.428571428571429	[6.0, 6.0, 7.0, 6.0, 8.0, 8.0, 4.0]
officer	captain	6.428571428571429	[6.0, 6.0, 4.0, 8.0, 8.0, 7.0, 6.0]
zombie	room	0.14285714285714285	[0.0, 0.0, 0.0, 0.0, 0.0, 0.0, 1.0]
due	dead	2.7142857142857144	[4.0, 4.0, 1.0, 2.0, 2.0, 2.0, 4.0]
high	car	1.2857142857142858	[4.0, 2.0, 0.0, 2.0, 0.0, 1.0, 0.0]
encourage	aid	6.857142857142857	[6.0, 6.0, 8.0, 6.0, 6.0, 8.0, 8.0]
capture	bush	1.7142857142857142	[2.0, 0.0, 0.0, 3.0, 0.0, 6.0, 1.0]
dull	discovered	0.2857142857142857	[0.0, 0.0, 0.0, 0.0, 0.0, 0.0, 2.0]
primitive	elementary	5.857142857142857	[6.0, 8.0, 8.0, 6.0, 4.0, 6.0, 3.0]
pat	perfectly	7.0	[7.0, 8.0, 8.0, 8.0, 6.0, 6.0, 6.0]
earth	sky	3.7142857142857144	[4.0, 4.0, 4.0, 4.0, 4.0, 2.0, 4.0]
declaration	salt	0.2857142857142857	[2.0, 0.0, 0.0, 0.0, 0.0, 0.0, 0.0]
clash	ear	1.0	[2.0, 1.0, 0.0, 0.0, 0.0, 2.0, 2.0]
echo	respond	4.0	[4.0, 2.0, 2.0, 4.0, 6.0, 6.0, 4.0]
dealing	consider	2.5714285714285716	[2.0, 3.0, 6.0, 2.0, 3.0, 2.0, 0.0]
mechanism	technique	5.0	[2.0, 4.0, 4.0, 8.0, 5.0, 6.0, 6.0]
effective	formed	1.7142857142857142	[0.0, 2.0, 3.0, 3.0, 0.0, 0.0, 4.0]
soft	conservative	0.7142857142857143	[2.0, 0.0, 1.0, 0.0, 0.0, 0.0, 2.0]
einstein	sharp	1.8571428571428572	[0.0, 0.0, 5.0, 4.0, 4.0, 0.0, 0.0]
greatness	note	3.5714285714285716	[6.0, 2.0, 4.0, 5.0, 4.0, 4.0, 0.0]
alternate	change	6.857142857142857	[6.0, 6.0, 7.0, 8.0, 8.0, 6.0, 7.0]
elaborate	defend	2.4285714285714284	[2.0, 3.0, 2.0, 4.0, 0.0, 4.0, 2.0]
turn	dig	1.5714285714285714	[2.0, 2.0, 2.0, 4.0, 1.0, 0.0, 0.0]
pick	fabric	0.14285714285714285	[1.0, 0.0, 0.0, 0.0, 0.0, 0.0, 0.0]
elder	earlier	2.142857142857143	[3.0, 2.0, 0.0, 2.0, 4.0, 2.0, 2.0]
costs	lose	4.285714285714286	[3.0, 4.0, 4.0, 2.0, 5.0, 6.0, 6.0]
harmony	deep	2.0	[4.0, 1.0, 4.0, 0.0, 0.0, 3.0, 2.0]
enter	register	5.285714285714286	[5.0, 8.0, 4.0, 8.0, 4.0, 4.0, 4.0]
ceiling	august	1.1428571428571428	[4.0, 0.0, 0.0, 0.0, 3.0, 0.0, 1.0]
right	properly	5.285714285714286	[7.0, 6.0, 8.0, 3.0, 5.0, 5.0, 3.0]
entering	admit	6.285714285714286	[6.0, 6.0, 7.0, 6.0, 5.0, 6.0, 8.0]
hour	course	2.142857142857143	[3.0, 2.0, 2.0, 4.0, 1.0, 2.0, 1.0]
pill	nuisance	2.7142857142857144	[2.0, 2.0, 5.0, 0.0, 6.0, 0.0, 4.0]
steep	lofty	5.714285714285714	[4.0, 3.0, 7.0, 6.0, 4.0, 8.0, 8.0]
outlook	direction	3.5714285714285716	[4.0, 6.0, 4.0, 2.0, 4.0, 4.0, 1.0]
estate	cousin	0.8571428571428571	[0.0, 0.0, 2.0, 4.0, 0.0, 0.0, 0.0]
jones	confidence	0.2857142857142857	[0.0, 0.0, 0.0, 2.0, 0.0, 0.0, 0.0]
examine	explore	7.285714285714286	[6.0, 8.0, 5.0, 8.0, 8.0, 8.0, 8.0]
biology	chemistry	5.0	[4.0, 4.0, 7.0, 2.0, 6.0, 6.0, 6.0]
explosive	charged	4.142857142857143	[2.0, 4.0, 5.0, 6.0, 6.0, 4.0, 2.0]
absence	farm	0.0	[0.0, 0.0, 0.0, 0.0, 0.0, 0.0, 0.0]
input	keyboard	4.571428571428571	[7.0, 4.0, 3.0, 4.0, 4.0, 4.0, 6.0]
exterior	parliamentary	0.5714285714285714	[0.0, 0.0, 0.0, 0.0, 0.0, 0.0, 4.0]
law	act	7.0	[6.0, 8.0, 8.0, 5.0, 6.0, 8.0, 8.0]
block	sector	5.142857142857143	[6.0, 4.0, 4.0, 8.0, 2.0, 4.0, 8.0]
extreme	extravagant	7.0	[6.0, 8.0, 8.0, 5.0, 8.0, 6.0, 8.0]
interior	within	7.714285714285714	[8.0, 8.0, 8.0, 8.0, 6.0, 8.0, 8.0]
handed	hand	7.285714285714286	[8.0, 7.0, 8.0, 8.0, 4.0, 8.0, 8.0]
eyed	contemplate	4.285714285714286	[5.0, 4.0, 2.0, 4.0, 5.0, 6.0, 4.0]
porn	pornography	7.714285714285714	[8.0, 8.0, 8.0, 8.0, 8.0, 8.0, 6.0]
corner	building	3.142857142857143	[5.0, 4.0, 3.0, 2.0, 2.0, 4.0, 2.0]
fail	blink	0.42857142857142855	[1.0, 0.0, 0.0, 0.0, 0.0, 2.0, 0.0]
connection	promotion	1.5714285714285714	[1.0, 0.0, 0.0, 4.0, 2.0, 4.0, 0.0]
discharge	accomplishment	1.5714285714285714	[3.0, 3.0, 0.0, 4.0, 0.0, 1.0, 0.0]
fake	counterfeit	8.0	[8.0, 8.0, 8.0, 8.0, 8.0, 8.0, 8.0]
hands	finger	4.857142857142857	[6.0, 6.0, 4.0, 4.0, 4.0, 6.0, 4.0]
solid	sound	4.428571428571429	[6.0, 6.0, 6.0, 2.0, 4.0, 6.0, 1.0]
far	bitter	0.7142857142857143	[2.0, 0.0, 0.0, 0.0, 0.0, 3.0, 0.0]
feelings	project	2.0	[2.0, 2.0, 1.0, 2.0, 4.0, 2.0, 1.0]
fast	reckless	5.142857142857143	[6.0, 6.0, 3.0, 5.0, 4.0, 6.0, 6.0]
coin	tail	4.142857142857143	[4.0, 4.0, 3.0, 4.0, 6.0, 4.0, 4.0]
passage	transmission	4.571428571428571	[6.0, 6.0, 2.0, 6.0, 4.0, 2.0, 6.0]
faster	reckless	3.7142857142857144	[4.0, 6.0, 4.0, 6.0, 2.0, 2.0, 2.0]
decay	express	0.8571428571428571	[2.0, 0.0, 4.0, 0.0, 0.0, 0.0, 0.0]
gulf	sea	5.714285714285714	[6.0, 4.0, 8.0, 6.0, 4.0, 6.0, 6.0]
fat	gross	4.857142857142857	[4.0, 2.0, 7.0, 6.0, 4.0, 5.0, 6.0]
dry	concrete	2.5714285714285716	[4.0, 4.0, 2.0, 4.0, 0.0, 4.0, 0.0]
organization	structure	7.285714285714286	[8.0, 8.0, 6.0, 6.0, 8.0, 8.0, 7.0]
feed	straw	2.4285714285714284	[4.0, 1.0, 2.0, 2.0, 6.0, 0.0, 2.0]
shah	dress	0.0	[0.0, 0.0, 0.0, 0.0, 0.0, 0.0, 0.0]
steps	jesus	0.0	[0.0, 0.0, 0.0, 0.0, 0.0, 0.0, 0.0]
nasty	awful	6.571428571428571	[8.0, 6.0, 8.0, 8.0, 4.0, 4.0, 8.0]
crying	melbourne	0.0	[0.0, 0.0, 0.0, 0.0, 0.0, 0.0, 0.0]
explicitly	west	0.0	[0.0, 0.0, 0.0, 0.0, 0.0, 0.0, 0.0]
drag	circumstances	0.0	[0.0, 0.0, 0.0, 0.0, 0.0, 0.0, 0.0]
fight	keep	1.1428571428571428	[0.0, 2.0, 0.0, 3.0, 1.0, 0.0, 2.0]
minus	original	0.42857142857142855	[0.0, 2.0, 0.0, 0.0, 0.0, 0.0, 1.0]
short	delicate	1.0	[1.0, 2.0, 0.0, 3.0, 0.0, 0.0, 1.0]
fighting	contentious	4.0	[3.0, 4.0, 6.0, 3.0, 2.0, 4.0, 6.0]
reasonably	logically	6.285714285714286	[8.0, 7.0, 6.0, 5.0, 6.0, 4.0, 8.0]
physical	concrete	2.0	[2.0, 4.0, 1.0, 1.0, 4.0, 0.0, 2.0]
figured	get	2.5714285714285716	[3.0, 2.0, 2.0, 4.0, 1.0, 0.0, 6.0]
modest	average	5.857142857142857	[6.0, 4.0, 8.0, 8.0, 7.0, 4.0, 4.0]
operate	drive	5.857142857142857	[6.0, 6.0, 6.0, 6.0, 7.0, 4.0, 6.0]
filing	index	5.142857142857143	[4.0, 4.0, 8.0, 3.0, 6.0, 6.0, 5.0]
circular	opposed	0.2857142857142857	[0.0, 0.0, 0.0, 0.0, 0.0, 0.0, 2.0]
fired	burned	6.857142857142857	[8.0, 8.0, 5.0, 6.0, 7.0, 8.0, 6.0]
bend	road	3.5714285714285716	[4.0, 6.0, 1.0, 4.0, 4.0, 6.0, 0.0]
flower	spike	3.2857142857142856	[4.0, 4.0, 3.0, 4.0, 2.0, 2.0, 4.0]
flag	deer	2.2857142857142856	[4.0, 1.0, 4.0, 0.0, 4.0, 3.0, 0.0]
proposition	term	4.857142857142857	[4.0, 4.0, 6.0, 4.0, 4.0, 6.0, 6.0]
clue	first	1.1428571428571428	[0.0, 0.0, 4.0, 2.0, 0.0, 2.0, 0.0]
flight	term	1.4285714285714286	[5.0, 2.0, 0.0, 1.0, 0.0, 2.0, 0.0]
last	finish	6.142857142857143	[7.0, 8.0, 6.0, 4.0, 6.0, 4.0, 8.0]
bench	bank	1.7142857142857142	[5.0, 0.0, 1.0, 0.0, 0.0, 2.0, 4.0]
address	body	2.0	[0.0, 1.0, 0.0, 6.0, 2.0, 3.0, 2.0]
structure	use	2.5714285714285716	[2.0, 4.0, 2.0, 4.0, 2.0, 2.0, 2.0]
following	clear	1.8571428571428572	[4.0, 2.0, 1.0, 2.0, 0.0, 4.0, 0.0]
fog	film	3.7142857142857144	[4.0, 5.0, 4.0, 4.0, 3.0, 2.0, 4.0]
patient	gentle	4.571428571428571	[6.0, 4.0, 4.0, 4.0, 4.0, 6.0, 4.0]
football	half	2.2857142857142856	[4.0, 4.0, 1.0, 5.0, 0.0, 0.0, 2.0]
bury	tomb	5.571428571428571	[8.0, 4.0, 5.0, 4.0, 6.0, 8.0, 4.0]
strange	unknown	7.0	[8.0, 8.0, 8.0, 5.0, 6.0, 8.0, 6.0]
fortune	allies	0.42857142857142855	[0.0, 1.0, 0.0, 0.0, 0.0, 0.0, 2.0]
house	porch	4.0	[4.0, 6.0, 4.0, 2.0, 4.0, 2.0, 6.0]
freeze	chill	7.0	[8.0, 6.0, 6.0, 8.0, 7.0, 8.0, 6.0]
dislike	avoid	5.571428571428571	[6.0, 6.0, 5.0, 6.0, 4.0, 6.0, 6.0]
fresh	young	6.0	[8.0, 8.0, 6.0, 6.0, 4.0, 2.0, 8.0]
trek	march	6.285714285714286	[8.0, 8.0, 6.0, 6.0, 5.0, 5.0, 6.0]
page	times	4.428571428571429	[4.0, 4.0, 6.0, 4.0, 5.0, 4.0, 4.0]
fully	enough	6.285714285714286	[8.0, 4.0, 6.0, 6.0, 6.0, 6.0, 8.0]
water	ice	6.142857142857143	[6.0, 6.0, 6.0, 4.0, 7.0, 6.0, 8.0]
murder	assassination	7.857142857142857	[8.0, 7.0, 8.0, 8.0, 8.0, 8.0, 8.0]
game	weak	0.8571428571428571	[2.0, 0.0, 3.0, 0.0, 0.0, 0.0, 1.0]
taxpayer	subject	2.2857142857142856	[2.0, 2.0, 3.0, 0.0, 0.0, 3.0, 6.0]
instance	alexander	0.7142857142857143	[0.0, 2.0, 0.0, 0.0, 0.0, 3.0, 0.0]
consistency	organization	3.5714285714285716	[2.0, 1.0, 4.0, 2.0, 6.0, 6.0, 4.0]
spam	spit	1.4285714285714286	[0.0, 4.0, 2.0, 0.0, 0.0, 0.0, 4.0]
get	annoy	1.2857142857142858	[1.0, 0.0, 2.0, 0.0, 0.0, 4.0, 2.0]
wreck	sabotage	6.142857142857143	[6.0, 5.0, 6.0, 8.0, 8.0, 2.0, 8.0]
distribute	partition	7.0	[7.0, 4.0, 6.0, 8.0, 8.0, 8.0, 8.0]
goose	beat	2.7142857142857144	[1.0, 2.0, 3.0, 4.0, 2.0, 4.0, 3.0]
dead	thorough	0.5714285714285714	[0.0, 0.0, 4.0, 0.0, 0.0, 0.0, 0.0]
acting	provisional	5.142857142857143	[4.0, 4.0, 6.0, 5.0, 8.0, 3.0, 6.0]
grace	elegance	7.714285714285714	[7.0, 7.0, 8.0, 8.0, 8.0, 8.0, 8.0]
coach	roof	1.7142857142857142	[3.0, 3.0, 4.0, 1.0, 0.0, 0.0, 1.0]
sake	rice	4.571428571428571	[4.0, 6.0, 4.0, 4.0, 4.0, 6.0, 4.0]
great	closed	0.5714285714285714	[0.0, 0.0, 2.0, 0.0, 0.0, 2.0, 0.0]
downtown	business	2.857142857142857	[1.0, 4.0, 4.0, 4.0, 4.0, 2.0, 1.0]
greens	youthful	3.142857142857143	[4.0, 6.0, 6.0, 2.0, 2.0, 2.0, 0.0]
coke	choose	0.2857142857142857	[0.0, 0.0, 0.0, 0.0, 2.0, 0.0, 0.0]
sure	firm	4.142857142857143	[6.0, 3.0, 6.0, 4.0, 2.0, 2.0, 6.0]
grid	lattice	6.857142857142857	[6.0, 8.0, 8.0, 6.0, 6.0, 8.0, 6.0]
plug	insert	7.428571428571429	[8.0, 8.0, 8.0, 8.0, 8.0, 6.0, 6.0]
initiate	introduce	7.714285714285714	[8.0, 8.0, 6.0, 8.0, 8.0, 8.0, 8.0]
gross	ugly	4.571428571428571	[6.0, 5.0, 6.0, 4.0, 6.0, 3.0, 2.0]
watch	movement	2.4285714285714284	[2.0, 2.0, 3.0, 0.0, 6.0, 4.0, 0.0]
exercise	move	5.142857142857143	[6.0, 5.0, 4.0, 6.0, 6.0, 4.0, 5.0]
gym	drilling	1.0	[4.0, 2.0, 0.0, 0.0, 0.0, 1.0, 0.0]
tops	face	1.2857142857142858	[0.0, 1.0, 0.0, 2.0, 0.0, 4.0, 2.0]
prone	tight	1.0	[0.0, 1.0, 0.0, 4.0, 0.0, 2.0, 0.0]
hail	welcome	6.857142857142857	[8.0, 8.0, 5.0, 6.0, 8.0, 7.0, 6.0]
clear	straightforward	6.714285714285714	[6.0, 8.0, 8.0, 5.0, 8.0, 8.0, 4.0]
share	separate	5.142857142857143	[4.0, 4.0, 8.0, 4.0, 3.0, 7.0, 6.0]
handy	able	6.142857142857143	[6.0, 6.0, 6.0, 6.0, 8.0, 6.0, 5.0]
dot	display	1.1428571428571428	[2.0, 2.0, 0.0, 2.0, 0.0, 2.0, 0.0]
landmark	museum	4.0	[4.0, 4.0, 4.0, 2.0, 5.0, 4.0, 5.0]
hard	tightly	6.285714285714286	[6.0, 6.0, 6.0, 6.0, 6.0, 6.0, 8.0]
outlet	tear	1.7142857142857142	[4.0, 1.0, 1.0, 1.0, 4.0, 1.0, 0.0]
posted	announce	5.714285714285714	[6.0, 6.0, 6.0, 6.0, 4.0, 8.0, 4.0]
harm	violence	6.428571428571429	[6.0, 6.0, 7.0, 8.0, 6.0, 4.0, 8.0]
regrets	woe	6.428571428571429	[6.0, 6.0, 7.0, 6.0, 8.0, 6.0, 6.0]
dam	meter	0.7142857142857143	[2.0, 2.0, 0.0, 0.0, 1.0, 0.0, 0.0]
harvest	accumulate	6.714285714285714	[6.0, 4.0, 8.0, 7.0, 8.0, 6.0, 8.0]
foot	cubic	3.0	[4.0, 4.0, 2.0, 1.0, 4.0, 2.0, 4.0]
recover	save	7.285714285714286	[6.0, 8.0, 6.0, 7.0, 8.0, 8.0, 8.0]
hit	compete	1.0	[0.0, 4.0, 0.0, 0.0, 1.0, 2.0, 0.0]
fashion	make	4.714285714285714	[6.0, 5.0, 8.0, 2.0, 6.0, 2.0, 4.0]
hitler	till	0.0	[0.0, 0.0, 0.0, 0.0, 0.0, 0.0, 0.0]
aid	season	1.0	[1.0, 2.0, 2.0, 2.0, 0.0, 0.0, 0.0]
blessing	boon	6.142857142857143	[6.0, 6.0, 7.0, 5.0, 7.0, 4.0, 8.0]
sound	reflect	2.142857142857143	[1.0, 4.0, 0.0, 0.0, 2.0, 6.0, 2.0]
aired	screw	0.14285714285714285	[0.0, 0.0, 0.0, 0.0, 0.0, 1.0, 0.0]
hood	coast	0.7142857142857143	[0.0, 0.0, 0.0, 0.0, 1.0, 4.0, 0.0]
direction	order	6.857142857142857	[8.0, 8.0, 6.0, 8.0, 6.0, 4.0, 8.0]
correct	stone	0.7142857142857143	[0.0, 0.0, 1.0, 0.0, 0.0, 4.0, 0.0]
horn	bone	4.0	[6.0, 4.0, 2.0, 4.0, 4.0, 6.0, 2.0]
pack	tour	1.4285714285714286	[2.0, 2.0, 4.0, 0.0, 0.0, 2.0, 0.0]
threaten	caution	5.571428571428571	[8.0, 5.0, 2.0, 6.0, 4.0, 6.0, 8.0]
hug	affection	4.571428571428571	[5.0, 4.0, 4.0, 5.0, 4.0, 6.0, 4.0]
flat	depressed	2.5714285714285716	[2.0, 6.0, 2.0, 2.0, 4.0, 2.0, 0.0]
peace	order	4.857142857142857	[4.0, 8.0, 4.0, 4.0, 4.0, 4.0, 6.0]
humanitarian	patron	3.7142857142857144	[4.0, 2.0, 2.0, 5.0, 2.0, 7.0, 4.0]
passion	israel	0.2857142857142857	[0.0, 0.0, 1.0, 0.0, 0.0, 1.0, 0.0]
humble	mild	4.714285714285714	[2.0, 6.0, 5.0, 2.0, 6.0, 6.0, 6.0]
traveled	global	4.428571428571429	[4.0, 4.0, 4.0, 2.0, 6.0, 5.0, 6.0]
major	larger	6.428571428571429	[6.0, 6.0, 6.0, 6.0, 7.0, 6.0, 8.0]
route	shoulder	2.4285714285714284	[4.0, 0.0, 3.0, 3.0, 4.0, 3.0, 0.0]
buy	pay	4.0	[6.0, 4.0, 4.0, 0.0, 6.0, 4.0, 4.0]
hurry	dream	0.14285714285714285	[0.0, 0.0, 0.0, 0.0, 0.0, 1.0, 0.0]
sneak	snake	1.8571428571428572	[4.0, 0.0, 0.0, 1.0, 4.0, 4.0, 0.0]
hurt	camp	0.14285714285714285	[0.0, 0.0, 0.0, 0.0, 0.0, 1.0, 0.0]
lose	compete	3.5714285714285716	[4.0, 4.0, 2.0, 4.0, 3.0, 4.0, 4.0]
blast	blow	6.857142857142857	[8.0, 6.0, 6.0, 6.0, 8.0, 6.0, 8.0]
identity	equality	1.8571428571428572	[4.0, 1.0, 0.0, 2.0, 4.0, 2.0, 0.0]
registration	bread	0.2857142857142857	[0.0, 0.0, 0.0, 0.0, 0.0, 2.0, 0.0]
association	euro	0.2857142857142857	[0.0, 0.0, 0.0, 0.0, 2.0, 0.0, 0.0]
impression	parody	4.571428571428571	[6.0, 2.0, 2.0, 4.0, 6.0, 6.0, 6.0]
elevation	slope	5.714285714285714	[6.0, 4.0, 4.0, 8.0, 8.0, 4.0, 6.0]
scar	crater	2.4285714285714284	[1.0, 3.0, 1.0, 4.0, 2.0, 4.0, 2.0]
improved	incident	0.5714285714285714	[0.0, 0.0, 0.0, 2.0, 2.0, 0.0, 0.0]
contain	curb	7.142857142857143	[8.0, 6.0, 4.0, 8.0, 8.0, 8.0, 8.0]
complex	confused	3.142857142857143	[1.0, 2.0, 1.0, 4.0, 6.0, 2.0, 6.0]
incorporated	peak	0.2857142857142857	[2.0, 0.0, 0.0, 0.0, 0.0, 0.0, 0.0]
film	silent	2.4285714285714284	[2.0, 4.0, 1.0, 4.0, 0.0, 4.0, 2.0]
loads	shipment	5.714285714285714	[8.0, 6.0, 6.0, 6.0, 2.0, 6.0, 6.0]
individual	personality	5.714285714285714	[5.0, 4.0, 7.0, 6.0, 4.0, 6.0, 8.0]
back	chair	3.7142857142857144	[4.0, 4.0, 4.0, 4.0, 4.0, 2.0, 4.0]
separate	apart	7.428571428571429	[6.0, 6.0, 8.0, 8.0, 8.0, 8.0, 8.0]
industry	rolling	1.4285714285714286	[3.0, 0.0, 2.0, 0.0, 3.0, 0.0, 2.0]
visa	permit	6.714285714285714	[6.0, 7.0, 6.0, 8.0, 4.0, 8.0, 8.0]
nowhere	customary	0.2857142857142857	[0.0, 0.0, 0.0, 0.0, 1.0, 0.0, 1.0]
inside	briefly	0.2857142857142857	[0.0, 0.0, 2.0, 0.0, 0.0, 0.0, 0.0]
church	parish	6.571428571428571	[6.0, 8.0, 8.0, 8.0, 4.0, 6.0, 6.0]
lighting	smoke	2.2857142857142856	[2.0, 2.0, 4.0, 2.0, 2.0, 2.0, 2.0]
closer	tight	6.0	[8.0, 6.0, 6.0, 6.0, 4.0, 6.0, 6.0]
gravity	weight	6.142857142857143	[8.0, 6.0, 6.0, 5.0, 6.0, 8.0, 4.0]
integral	elemental	6.285714285714286	[8.0, 5.0, 8.0, 8.0, 6.0, 5.0, 4.0]
measured	careful	7.428571428571429	[8.0, 8.0, 6.0, 8.0, 8.0, 8.0, 6.0]
intellectual	intelligent	7.0	[7.0, 8.0, 8.0, 8.0, 6.0, 6.0, 6.0]
retention	withholding	6.857142857142857	[8.0, 8.0, 6.0, 8.0, 8.0, 4.0, 6.0]
shine	buff	6.857142857142857	[6.0, 8.0, 4.0, 8.0, 8.0, 6.0, 8.0]
birth	rise	5.142857142857143	[6.0, 6.0, 6.0, 6.0, 2.0, 6.0, 4.0]
assessment	appraisal	7.285714285714286	[8.0, 8.0, 7.0, 4.0, 8.0, 8.0, 8.0]
introduce	advance	3.4285714285714284	[6.0, 2.0, 5.0, 2.0, 2.0, 5.0, 2.0]
department	tokyo	1.1428571428571428	[0.0, 2.0, 2.0, 4.0, 0.0, 0.0, 0.0]
behave	direct	1.4285714285714286	[0.0, 3.0, 2.0, 2.0, 1.0, 2.0, 0.0]
involvement	association	6.428571428571429	[6.0, 6.0, 6.0, 6.0, 7.0, 8.0, 6.0]
doubles	duplicate	7.285714285714286	[5.0, 8.0, 8.0, 8.0, 8.0, 8.0, 6.0]
partition	portion	7.142857142857143	[6.0, 8.0, 6.0, 8.0, 8.0, 8.0, 6.0]
jar	mouth	3.2857142857142856	[8.0, 2.0, 1.0, 4.0, 2.0, 4.0, 2.0]
hearts	valve	5.0	[8.0, 5.0, 6.0, 4.0, 4.0, 4.0, 4.0]
savage	earliest	2.142857142857143	[6.0, 2.0, 3.0, 4.0, 0.0, 0.0, 0.0]
return	record	1.4285714285714286	[4.0, 4.0, 0.0, 0.0, 0.0, 2.0, 0.0]
pencil	point	3.4285714285714284	[2.0, 4.0, 2.0, 4.0, 4.0, 4.0, 4.0]
alternative	third	2.142857142857143	[2.0, 2.0, 2.0, 4.0, 1.0, 2.0, 2.0]
justice	chancellor	4.142857142857143	[2.0, 4.0, 6.0, 5.0, 6.0, 2.0, 4.0]
venus	lovely	3.142857142857143	[3.0, 4.0, 2.0, 7.0, 4.0, 0.0, 2.0]
difficult	trying	6.571428571428571	[6.0, 4.0, 6.0, 8.0, 8.0, 8.0, 6.0]
key	core	3.2857142857142856	[4.0, 3.0, 2.0, 3.0, 7.0, 0.0, 4.0]
approve	establish	3.857142857142857	[4.0, 4.0, 4.0, 4.0, 2.0, 4.0, 5.0]
executive	controlling	4.0	[4.0, 4.0, 6.0, 3.0, 4.0, 4.0, 3.0]
kicking	move	4.428571428571429	[5.0, 4.0, 4.0, 6.0, 2.0, 4.0, 6.0]
level	building	2.5714285714285716	[2.0, 4.0, 4.0, 3.0, 2.0, 3.0, 0.0]
pledge	bail	3.857142857142857	[2.0, 4.0, 6.0, 6.0, 3.0, 2.0, 4.0]
kiss	http	0.0	[0.0, 0.0, 0.0, 0.0, 0.0, 0.0, 0.0]
retired	apart	3.142857142857143	[4.0, 2.0, 2.0, 6.0, 0.0, 2.0, 6.0]
mixing	crop	1.2857142857142858	[3.0, 1.0, 3.0, 0.0, 0.0, 2.0, 0.0]
knife	thrust	4.714285714285714	[6.0, 3.0, 6.0, 6.0, 4.0, 4.0, 4.0]
piece	combine	6.0	[7.0, 6.0, 8.0, 6.0, 8.0, 1.0, 6.0]
knock	alive	0.2857142857142857	[2.0, 0.0, 0.0, 0.0, 0.0, 0.0, 0.0]
placement	employment	4.714285714285714	[6.0, 5.0, 6.0, 3.0, 3.0, 8.0, 2.0]
extra	judicial	1.0	[0.0, 3.0, 0.0, 3.0, 1.0, 0.0, 0.0]
lab	laboratory	7.714285714285714	[8.0, 8.0, 8.0, 8.0, 8.0, 8.0, 6.0]
stroke	blow	5.714285714285714	[8.0, 8.0, 4.0, 7.0, 3.0, 4.0, 6.0]
price	smart	2.142857142857143	[0.0, 3.0, 6.0, 2.0, 0.0, 4.0, 0.0]
labor	pregnancy	3.857142857142857	[4.0, 4.0, 4.0, 5.0, 4.0, 2.0, 4.0]
tomorrow	afterward	4.142857142857143	[6.0, 5.0, 3.0, 3.0, 4.0, 4.0, 4.0]
sergeant	occasions	0.0	[0.0, 0.0, 0.0, 0.0, 0.0, 0.0, 0.0]
launching	originate	4.857142857142857	[4.0, 2.0, 6.0, 7.0, 4.0, 5.0, 6.0]
fastest	direct	3.2857142857142856	[2.0, 2.0, 2.0, 2.0, 4.0, 5.0, 6.0]
take	share	3.4285714285714284	[2.0, 4.0, 4.0, 4.0, 4.0, 4.0, 2.0]
leak	team	0.14285714285714285	[0.0, 0.0, 0.0, 0.0, 0.0, 0.0, 1.0]
agent	servant	3.2857142857142856	[2.0, 5.0, 1.0, 4.0, 3.0, 4.0, 4.0]
bark	branch	2.4285714285714284	[5.0, 2.0, 2.0, 1.0, 4.0, 2.0, 1.0]
leave	quit	6.857142857142857	[4.0, 8.0, 6.0, 8.0, 6.0, 8.0, 8.0]
pocket	compartment	6.285714285714286	[6.0, 8.0, 8.0, 8.0, 6.0, 2.0, 6.0]
leaving	survivor	2.2857142857142856	[4.0, 1.0, 1.0, 2.0, 4.0, 2.0, 2.0]
constant	fast	2.4285714285714284	[2.0, 4.0, 2.0, 1.0, 6.0, 2.0, 0.0]
lesson	course	6.428571428571429	[7.0, 8.0, 6.0, 4.0, 6.0, 8.0, 6.0]
accommodate	band	1.1428571428571428	[0.0, 0.0, 2.0, 4.0, 2.0, 0.0, 0.0]
area	field	5.428571428571429	[5.0, 4.0, 6.0, 7.0, 4.0, 8.0, 4.0]
let	silence	1.2857142857142858	[0.0, 0.0, 2.0, 2.0, 2.0, 2.0, 1.0]
blood	plenty	0.2857142857142857	[0.0, 0.0, 2.0, 0.0, 0.0, 0.0, 0.0]
letter	correspondence	6.571428571428571	[4.0, 6.0, 8.0, 8.0, 5.0, 7.0, 8.0]
negative	vote	1.1428571428571428	[0.0, 1.0, 4.0, 0.0, 0.0, 0.0, 3.0]
letters	mail	7.0	[7.0, 6.0, 6.0, 8.0, 7.0, 7.0, 8.0]
iron	heat	3.4285714285714284	[4.0, 3.0, 4.0, 4.0, 5.0, 4.0, 0.0]
tear	arsenal	0.8571428571428571	[0.0, 2.0, 0.0, 3.0, 0.0, 1.0, 0.0]
letting	give	6.0	[4.0, 6.0, 6.0, 6.0, 8.0, 6.0, 6.0]
diving	plunge	7.714285714285714	[8.0, 8.0, 8.0, 8.0, 8.0, 6.0, 8.0]
battery	stamp	1.2857142857142858	[0.0, 0.0, 0.0, 0.0, 6.0, 0.0, 3.0]
lie	libel	5.857142857142857	[6.0, 6.0, 6.0, 7.0, 4.0, 8.0, 4.0]
flies	fly	7.142857142857143	[8.0, 7.0, 8.0, 8.0, 7.0, 6.0, 6.0]
request	recourse	3.5714285714285716	[6.0, 4.0, 4.0, 2.0, 2.0, 2.0, 5.0]
limited	wonderful	0.0	[0.0, 0.0, 0.0, 0.0, 0.0, 0.0, 0.0]
dream	sleeping	4.428571428571429	[4.0, 3.0, 6.0, 4.0, 6.0, 4.0, 4.0]
continuously	forever	6.857142857142857	[6.0, 6.0, 6.0, 8.0, 6.0, 8.0, 8.0]
linear	compressed	0.5714285714285714	[0.0, 0.0, 2.0, 0.0, 0.0, 2.0, 0.0]
listing	slope	1.7142857142857142	[2.0, 2.0, 0.0, 0.0, 2.0, 2.0, 4.0]
increasing	dominant	3.142857142857143	[2.0, 4.0, 4.0, 4.0, 2.0, 4.0, 2.0]
bitch	whore	5.714285714285714	[4.0, 5.0, 8.0, 3.0, 8.0, 8.0, 4.0]
loan	principal	4.142857142857143	[5.0, 4.0, 6.0, 2.0, 4.0, 4.0, 4.0]
sex	eye	0.8571428571428571	[0.0, 4.0, 0.0, 0.0, 0.0, 0.0, 2.0]
toilet	bathroom	6.571428571428571	[6.0, 8.0, 5.0, 6.0, 5.0, 8.0, 8.0]
lobby	passage	5.571428571428571	[6.0, 4.0, 4.0, 2.0, 8.0, 8.0, 7.0]
rank	downright	1.5714285714285714	[2.0, 0.0, 0.0, 0.0, 6.0, 0.0, 3.0]
log	ship	2.142857142857143	[2.0, 3.0, 2.0, 2.0, 1.0, 2.0, 3.0]
cognitive	sensitive	3.7142857142857144	[4.0, 3.0, 4.0, 4.0, 4.0, 4.0, 3.0]
absorb	get	6.0	[6.0, 6.0, 6.0, 8.0, 6.0, 6.0, 4.0]
lonely	private	3.7142857142857144	[4.0, 4.0, 4.0, 2.0, 6.0, 2.0, 4.0]
engineering	treaty	0.8571428571428571	[0.0, 0.0, 2.0, 0.0, 0.0, 4.0, 0.0]
loop	skin	0.42857142857142855	[1.0, 0.0, 0.0, 1.0, 0.0, 1.0, 0.0]
ordering	contract	2.5714285714285716	[1.0, 4.0, 2.0, 1.0, 4.0, 4.0, 2.0]
plane	wing	3.4285714285714284	[2.0, 4.0, 4.0, 2.0, 4.0, 4.0, 4.0]
loud	roaring	7.285714285714286	[8.0, 8.0, 6.0, 7.0, 6.0, 8.0, 8.0]
burning	burn	7.857142857142857	[8.0, 8.0, 8.0, 7.0, 8.0, 8.0, 8.0]
spots	wherever	2.0	[2.0, 0.0, 0.0, 0.0, 4.0, 4.0, 4.0]
magazine	gun	3.7142857142857144	[2.0, 2.0, 4.0, 4.0, 6.0, 6.0, 2.0]
fitness	punk	0.42857142857142855	[1.0, 1.0, 0.0, 0.0, 0.0, 1.0, 0.0]
salmon	blush	3.2857142857142856	[4.0, 4.0, 2.0, 6.0, 6.0, 1.0, 0.0]
make	travel	1.1428571428571428	[2.0, 0.0, 2.0, 0.0, 0.0, 0.0, 4.0]
deaf	indifferent	0.8571428571428571	[4.0, 0.0, 2.0, 0.0, 0.0, 0.0, 0.0]
thin	rank	0.7142857142857143	[3.0, 2.0, 0.0, 0.0, 0.0, 0.0, 0.0]
mapping	diagram	5.571428571428571	[4.0, 6.0, 6.0, 4.0, 7.0, 4.0, 8.0]
hurting	upset	6.0	[6.0, 2.0, 8.0, 6.0, 4.0, 8.0, 8.0]
publication	format	3.857142857142857	[4.0, 3.0, 2.0, 4.0, 4.0, 4.0, 6.0]
mama	mommy	7.571428571428571	[8.0, 8.0, 8.0, 8.0, 8.0, 6.0, 7.0]
free	produce	1.2857142857142858	[4.0, 1.0, 0.0, 4.0, 0.0, 0.0, 0.0]
spring	couple	1.1428571428571428	[2.0, 1.0, 0.0, 5.0, 0.0, 0.0, 0.0]
memory	retention	6.571428571428571	[8.0, 6.0, 6.0, 6.0, 8.0, 6.0, 6.0]
lighter	manageable	1.4285714285714286	[1.0, 2.0, 1.0, 2.0, 0.0, 0.0, 4.0]
mention	executive	0.7142857142857143	[0.0, 0.0, 0.0, 2.0, 2.0, 1.0, 0.0]
touch	affect	5.571428571428571	[6.0, 6.0, 6.0, 6.0, 5.0, 4.0, 6.0]
fraud	bastard	3.4285714285714284	[2.0, 4.0, 2.0, 6.0, 5.0, 1.0, 4.0]
merchandise	sell	6.142857142857143	[6.0, 8.0, 8.0, 7.0, 4.0, 4.0, 6.0]
default	recall	2.142857142857143	[3.0, 0.0, 4.0, 0.0, 2.0, 2.0, 4.0]
wings	airplane	4.285714285714286	[4.0, 4.0, 6.0, 4.0, 4.0, 4.0, 4.0]
method	organization	3.142857142857143	[4.0, 4.0, 0.0, 0.0, 6.0, 4.0, 4.0]
dressed	bind	1.8571428571428572	[4.0, 2.0, 1.0, 0.0, 4.0, 0.0, 2.0]
merely	wholly	2.7142857142857144	[1.0, 3.0, 1.0, 4.0, 2.0, 6.0, 2.0]
allah	creator	7.714285714285714	[8.0, 6.0, 8.0, 8.0, 8.0, 8.0, 8.0]
reduce	inch	1.7142857142857142	[0.0, 0.0, 2.0, 3.0, 2.0, 2.0, 3.0]
missed	travel	2.0	[1.0, 6.0, 1.0, 4.0, 0.0, 2.0, 0.0]
strict	hard	7.0	[7.0, 8.0, 6.0, 6.0, 8.0, 8.0, 6.0]
grind	rub	6.142857142857143	[2.0, 8.0, 6.0, 4.0, 8.0, 8.0, 7.0]
snap	click	6.142857142857143	[8.0, 6.0, 7.0, 6.0, 6.0, 6.0, 4.0]
control	understand	2.857142857142857	[4.0, 6.0, 3.0, 3.0, 0.0, 4.0, 0.0]
modified	adjusted	6.571428571428571	[6.0, 8.0, 8.0, 4.0, 8.0, 8.0, 4.0]
comparing	relate	6.142857142857143	[5.0, 7.0, 8.0, 2.0, 6.0, 7.0, 8.0]
monthly	previously	1.8571428571428572	[3.0, 2.0, 3.0, 0.0, 0.0, 0.0, 5.0]
today	fresh	3.5714285714285716	[3.0, 4.0, 6.0, 4.0, 4.0, 0.0, 4.0]
consume	meal	4.285714285714286	[4.0, 4.0, 6.0, 4.0, 4.0, 2.0, 6.0]
moving	play	5.142857142857143	[4.0, 5.0, 6.0, 6.0, 6.0, 4.0, 5.0]
position	role	7.714285714285714	[8.0, 8.0, 8.0, 8.0, 8.0, 6.0, 8.0]
force	battalion	6.0	[6.0, 5.0, 6.0, 4.0, 8.0, 6.0, 7.0]
narrative	reported	3.857142857142857	[2.0, 2.0, 4.0, 6.0, 5.0, 6.0, 2.0]
screening	screen	7.142857142857143	[4.0, 7.0, 8.0, 7.0, 8.0, 8.0, 8.0]
leaf	riff	0.2857142857142857	[2.0, 0.0, 0.0, 0.0, 0.0, 0.0, 0.0]
natural	whole	4.0	[6.0, 1.0, 6.0, 4.0, 6.0, 4.0, 1.0]
live	constant	2.5714285714285716	[2.0, 2.0, 4.0, 6.0, 1.0, 1.0, 2.0]
elbow	joint	6.857142857142857	[6.0, 6.0, 8.0, 5.0, 8.0, 7.0, 8.0]
negotiate	swap	4.428571428571429	[4.0, 6.0, 3.0, 4.0, 6.0, 6.0, 2.0]
burden	clock	1.0	[2.0, 0.0, 0.0, 0.0, 2.0, 3.0, 0.0]
representative	allies	5.0	[4.0, 6.0, 3.0, 4.0, 6.0, 6.0, 6.0]
responsibility	reliability	4.142857142857143	[4.0, 8.0, 4.0, 6.0, 4.0, 2.0, 1.0]
grain	corn	5.857142857142857	[6.0, 6.0, 2.0, 6.0, 7.0, 6.0, 8.0]
nephew	feelings	0.2857142857142857	[2.0, 0.0, 0.0, 0.0, 0.0, 0.0, 0.0]
sour	celebrity	0.0	[0.0, 0.0, 0.0, 0.0, 0.0, 0.0, 0.0]
local	district	5.142857142857143	[6.0, 7.0, 4.0, 4.0, 4.0, 7.0, 4.0]
noble	refined	3.7142857142857144	[2.0, 5.0, 5.0, 6.0, 2.0, 6.0, 0.0]
climate	ambient	2.5714285714285716	[4.0, 4.0, 1.0, 4.0, 2.0, 1.0, 2.0]
extraction	descent	3.857142857142857	[4.0, 6.0, 6.0, 2.0, 1.0, 6.0, 2.0]
numbers	shelter	0.14285714285714285	[0.0, 0.0, 0.0, 0.0, 0.0, 0.0, 1.0]
facial	apparent	0.7142857142857143	[2.0, 2.0, 0.0, 0.0, 0.0, 0.0, 1.0]
net	pure	1.2857142857142858	[1.0, 2.0, 0.0, 1.0, 2.0, 2.0, 1.0]
occupation	problem	1.7142857142857142	[0.0, 0.0, 5.0, 3.0, 0.0, 0.0, 4.0]
masters	proficient	4.714285714285714	[4.0, 6.0, 6.0, 3.0, 4.0, 4.0, 6.0]
target	ambition	5.0	[6.0, 3.0, 7.0, 3.0, 4.0, 6.0, 6.0]
occupy	target	0.8571428571428571	[0.0, 1.0, 1.0, 2.0, 0.0, 0.0, 2.0]
throw	paint	0.2857142857142857	[0.0, 0.0, 0.0, 2.0, 0.0, 0.0, 0.0]
nature	characteristic	5.142857142857143	[3.0, 4.0, 6.0, 8.0, 5.0, 8.0, 2.0]
official	treasurer	4.142857142857143	[4.0, 4.0, 2.0, 4.0, 5.0, 6.0, 4.0]
struck	smooth	0.42857142857142855	[0.0, 2.0, 0.0, 0.0, 1.0, 0.0, 0.0]
opening	surface	2.7142857142857144	[1.0, 2.0, 1.0, 4.0, 4.0, 3.0, 4.0]
character	honor	3.7142857142857144	[4.0, 4.0, 4.0, 4.0, 4.0, 2.0, 4.0]
old	skilled	2.4285714285714284	[2.0, 4.0, 1.0, 4.0, 4.0, 2.0, 0.0]
operation	kitchen	0.42857142857142855	[0.0, 1.0, 0.0, 0.0, 0.0, 2.0, 0.0]
saved	safe	7.571428571428571	[7.0, 8.0, 8.0, 8.0, 6.0, 8.0, 8.0]
longest	prolonged	5.428571428571429	[6.0, 6.0, 6.0, 4.0, 4.0, 6.0, 6.0]
opposition	stand	4.285714285714286	[4.0, 4.0, 2.0, 6.0, 6.0, 4.0, 4.0]
theme	extent	1.5714285714285714	[0.0, 0.0, 2.0, 0.0, 5.0, 0.0, 4.0]
cracking	ring	3.2857142857142856	[2.0, 4.0, 2.0, 4.0, 5.0, 0.0, 6.0]
overhead	cabin	2.2857142857142856	[1.0, 2.0, 2.0, 3.0, 2.0, 4.0, 2.0]
apple	city	0.8571428571428571	[0.0, 0.0, 4.0, 0.0, 0.0, 0.0, 2.0]
ditch	trench	7.857142857142857	[8.0, 8.0, 8.0, 7.0, 8.0, 8.0, 8.0]
elements	root	5.714285714285714	[8.0, 6.0, 6.0, 8.0, 4.0, 2.0, 6.0]
pull	put	4.571428571428571	[4.0, 6.0, 4.0, 4.0, 4.0, 6.0, 4.0]
painted	colored	6.714285714285714	[4.0, 4.0, 7.0, 8.0, 8.0, 8.0, 8.0]
outline	chart	5.571428571428571	[6.0, 3.0, 6.0, 6.0, 4.0, 6.0, 8.0]
divorce	marry	2.7142857142857144	[2.0, 4.0, 1.0, 4.0, 4.0, 0.0, 4.0]
pan	catch	1.4285714285714286	[1.0, 4.0, 1.0, 2.0, 0.0, 2.0, 0.0]
patch	dick	0.14285714285714285	[0.0, 1.0, 0.0, 0.0, 0.0, 0.0, 0.0]
writing	letter	4.428571428571429	[4.0, 4.0, 5.0, 4.0, 4.0, 4.0, 6.0]
part	separate	6.571428571428571	[6.0, 8.0, 8.0, 4.0, 8.0, 8.0, 4.0]
chancellor	bench	1.8571428571428572	[0.0, 3.0, 0.0, 4.0, 2.0, 0.0, 4.0]
beat	win	6.285714285714286	[8.0, 8.0, 6.0, 4.0, 4.0, 8.0, 6.0]
particular	critical	1.8571428571428572	[4.0, 2.0, 0.0, 3.0, 1.0, 3.0, 0.0]
breast	turkey	2.7142857142857144	[4.0, 4.0, 2.0, 4.0, 1.0, 4.0, 0.0]
journey	stage	3.142857142857143	[4.0, 4.0, 4.0, 4.0, 1.0, 3.0, 2.0]
party	team	5.0	[4.0, 4.0, 3.0, 6.0, 6.0, 4.0, 8.0]
patent	privilege	4.714285714285714	[3.0, 3.0, 3.0, 4.0, 6.0, 8.0, 6.0]
favor	endorse	5.857142857142857	[8.0, 4.0, 6.0, 5.0, 6.0, 8.0, 4.0]
pattern	sample	4.857142857142857	[6.0, 3.0, 3.0, 4.0, 4.0, 6.0, 8.0]
breach	difference	4.571428571428571	[6.0, 5.0, 5.0, 6.0, 4.0, 2.0, 4.0]
disposition	plan	5.428571428571429	[8.0, 4.0, 4.0, 2.0, 6.0, 8.0, 6.0]
relative	traveling	1.4285714285714286	[4.0, 0.0, 4.0, 0.0, 0.0, 2.0, 0.0]
furious	vicious	6.428571428571429	[7.0, 8.0, 8.0, 6.0, 8.0, 4.0, 4.0]
performing	performance	6.857142857142857	[6.0, 6.0, 7.0, 6.0, 7.0, 8.0, 8.0]
mess	further	1.0	[1.0, 1.0, 0.0, 5.0, 0.0, 0.0, 0.0]
banner	resort	0.8571428571428571	[1.0, 0.0, 0.0, 0.0, 5.0, 0.0, 0.0]
period	gravity	1.0	[0.0, 2.0, 0.0, 4.0, 1.0, 0.0, 0.0]
kick	blow	5.0	[7.0, 4.0, 2.0, 8.0, 4.0, 4.0, 6.0]
unemployment	inertia	2.0	[4.0, 4.0, 0.0, 4.0, 2.0, 0.0, 0.0]
phoenix	arizona	4.571428571428571	[4.0, 4.0, 6.0, 4.0, 4.0, 4.0, 6.0]
dismiss	arrive	0.8571428571428571	[0.0, 0.0, 0.0, 4.0, 2.0, 0.0, 0.0]
consistent	same	7.285714285714286	[7.0, 8.0, 6.0, 8.0, 8.0, 8.0, 6.0]
recall	reverse	6.857142857142857	[8.0, 8.0, 6.0, 6.0, 8.0, 4.0, 8.0]
list	pretend	1.1428571428571428	[0.0, 4.0, 0.0, 2.0, 0.0, 0.0, 2.0]
played	compete	7.142857142857143	[8.0, 8.0, 8.0, 6.0, 8.0, 6.0, 6.0]
freedom	ball	1.1428571428571428	[3.0, 1.0, 0.0, 0.0, 0.0, 0.0, 4.0]
embarrassed	poor	3.142857142857143	[6.0, 2.0, 6.0, 0.0, 2.0, 2.0, 4.0]
plea	trial	4.285714285714286	[3.0, 4.0, 4.0, 5.0, 4.0, 4.0, 6.0]
away	repeatedly	2.0	[4.0, 2.0, 0.0, 3.0, 0.0, 0.0, 5.0]
politically	publicly	3.4285714285714284	[2.0, 2.0, 4.0, 4.0, 4.0, 4.0, 4.0]
plague	hydra	1.2857142857142858	[2.0, 1.0, 0.0, 0.0, 0.0, 2.0, 4.0]
ill	hateful	4.714285714285714	[6.0, 6.0, 2.0, 8.0, 4.0, 2.0, 5.0]
foundation	association	5.285714285714286	[8.0, 4.0, 6.0, 2.0, 5.0, 8.0, 4.0]
positive	genuine	4.285714285714286	[6.0, 4.0, 2.0, 4.0, 6.0, 6.0, 2.0]
slope	tip	4.857142857142857	[4.0, 4.0, 4.0, 2.0, 8.0, 8.0, 4.0]
arrest	suspension	5.142857142857143	[6.0, 4.0, 4.0, 6.0, 6.0, 6.0, 4.0]
presidential	supreme	4.428571428571429	[4.0, 0.0, 6.0, 4.0, 6.0, 6.0, 5.0]
consequence	concern	4.857142857142857	[6.0, 5.0, 2.0, 8.0, 4.0, 4.0, 5.0]
waste	rubbish	7.142857142857143	[6.0, 6.0, 8.0, 8.0, 8.0, 6.0, 8.0]
press	heat	2.142857142857143	[0.0, 4.0, 2.0, 4.0, 3.0, 2.0, 0.0]
whip	birch	5.285714285714286	[6.0, 6.0, 8.0, 8.0, 2.0, 4.0, 3.0]
private	retired	5.0	[2.0, 6.0, 4.0, 4.0, 8.0, 7.0, 4.0]
adjust	ruin	1.4285714285714286	[0.0, 4.0, 2.0, 0.0, 4.0, 0.0, 0.0]
traveling	flying	5.428571428571429	[2.0, 7.0, 4.0, 4.0, 8.0, 5.0, 8.0]
problem	headache	4.428571428571429	[8.0, 4.0, 2.0, 4.0, 4.0, 5.0, 4.0]
beaten	creamy	2.4285714285714284	[2.0, 4.0, 3.0, 4.0, 0.0, 2.0, 2.0]
superior	wisconsin	1.2857142857142858	[4.0, 2.0, 1.0, 0.0, 0.0, 0.0, 2.0]
process	proceeding	6.857142857142857	[6.0, 6.0, 6.0, 8.0, 6.0, 8.0, 8.0]
suspended	delayed	6.714285714285714	[8.0, 5.0, 8.0, 8.0, 8.0, 4.0, 6.0]
profile	horizon	2.857142857142857	[2.0, 4.0, 0.0, 6.0, 4.0, 2.0, 2.0]
state	domain	5.571428571428571	[6.0, 4.0, 4.0, 7.0, 8.0, 6.0, 4.0]
mount	format	3.2857142857142856	[2.0, 1.0, 6.0, 4.0, 4.0, 4.0, 2.0]
publisher	iraq	0.0	[0.0, 0.0, 0.0, 0.0, 0.0, 0.0, 0.0]
medication	medicinal	7.571428571428571	[8.0, 8.0, 8.0, 8.0, 7.0, 8.0, 6.0]
animal	earthly	3.142857142857143	[2.0, 4.0, 4.0, 3.0, 6.0, 0.0, 3.0]
pulling	labor	2.857142857142857	[2.0, 4.0, 2.0, 1.0, 4.0, 3.0, 4.0]
pass	range	1.2857142857142858	[0.0, 0.0, 2.0, 1.0, 3.0, 3.0, 0.0]
copper	tan	3.5714285714285716	[2.0, 3.0, 4.0, 4.0, 4.0, 3.0, 5.0]
pursuit	quest	7.0	[5.0, 8.0, 8.0, 8.0, 8.0, 4.0, 8.0]
proud	dignified	6.285714285714286	[4.0, 7.0, 8.0, 6.0, 4.0, 7.0, 8.0]
qualified	expert	6.857142857142857	[6.0, 8.0, 6.0, 8.0, 6.0, 6.0, 8.0]
accompany	pipe	0.8571428571428571	[0.0, 4.0, 0.0, 0.0, 0.0, 2.0, 0.0]
vegetation	growth	5.0	[4.0, 3.0, 2.0, 8.0, 4.0, 6.0, 8.0]
qualifying	bad	1.1428571428571428	[2.0, 2.0, 0.0, 0.0, 3.0, 1.0, 0.0]
round	phase	3.857142857142857	[6.0, 4.0, 6.0, 4.0, 5.0, 2.0, 0.0]
whole	part	4.0	[4.0, 4.0, 4.0, 4.0, 4.0, 4.0, 4.0]
dish	mug	4.142857142857143	[4.0, 4.0, 4.0, 7.0, 4.0, 4.0, 2.0]
quarterback	cause	2.0	[2.0, 1.0, 1.0, 0.0, 4.0, 6.0, 0.0]
platform	computer	1.7142857142857142	[4.0, 4.0, 0.0, 1.0, 3.0, 0.0, 0.0]
pool	mercy	0.5714285714285714	[0.0, 2.0, 0.0, 0.0, 2.0, 0.0, 0.0]
rate	flow	4.428571428571429	[4.0, 3.0, 4.0, 4.0, 6.0, 6.0, 4.0]
cool	glorious	4.0	[3.0, 6.0, 4.0, 6.0, 1.0, 6.0, 2.0]
welcome	admit	6.571428571428571	[5.0, 7.0, 4.0, 6.0, 8.0, 8.0, 8.0]
reach	make	3.0	[2.0, 2.0, 6.0, 0.0, 2.0, 6.0, 3.0]
pretty	notable	2.4285714285714284	[2.0, 0.0, 6.0, 2.0, 3.0, 1.0, 3.0]
reason	prove	5.285714285714286	[7.0, 6.0, 4.0, 4.0, 6.0, 4.0, 6.0]
record	perceive	2.857142857142857	[1.0, 4.0, 1.0, 4.0, 2.0, 2.0, 6.0]
suspicious	questioning	5.285714285714286	[8.0, 4.0, 7.0, 4.0, 4.0, 4.0, 6.0]
master	proficient	6.714285714285714	[7.0, 8.0, 6.0, 8.0, 8.0, 6.0, 4.0]
register	join	6.857142857142857	[6.0, 6.0, 6.0, 6.0, 8.0, 8.0, 8.0]
certification	writings	2.2857142857142856	[3.0, 0.0, 3.0, 4.0, 4.0, 0.0, 2.0]
involved	kid	0.14285714285714285	[0.0, 0.0, 0.0, 0.0, 0.0, 0.0, 1.0]
relaxed	liberal	5.142857142857143	[6.0, 3.0, 8.0, 6.0, 3.0, 4.0, 6.0]
play	over	1.5714285714285714	[3.0, 2.0, 0.0, 0.0, 4.0, 0.0, 2.0]
nicely	rightly	5.714285714285714	[6.0, 8.0, 3.0, 6.0, 8.0, 5.0, 4.0]
removed	solitary	4.857142857142857	[6.0, 3.0, 6.0, 6.0, 6.0, 5.0, 2.0]
observed	perceive	7.285714285714286	[6.0, 8.0, 7.0, 6.0, 8.0, 8.0, 8.0]
vocal	noisy	6.0	[6.0, 6.0, 6.0, 6.0, 8.0, 6.0, 4.0]
reservation	degree	0.5714285714285714	[0.0, 2.0, 0.0, 2.0, 0.0, 0.0, 0.0]
decision	determination	7.428571428571429	[6.0, 6.0, 8.0, 8.0, 8.0, 8.0, 8.0]
male	macho	5.714285714285714	[6.0, 6.0, 4.0, 6.0, 6.0, 6.0, 6.0]
result	occur	3.5714285714285716	[6.0, 3.0, 4.0, 2.0, 4.0, 4.0, 2.0]
close	confidential	3.7142857142857144	[6.0, 4.0, 6.0, 2.0, 4.0, 2.0, 2.0]
carry	chase	1.5714285714285714	[1.0, 0.0, 2.0, 2.0, 2.0, 2.0, 2.0]
retreat	withdraw	7.571428571428571	[8.0, 8.0, 7.0, 7.0, 7.0, 8.0, 8.0]
shop	market	7.0	[7.0, 8.0, 6.0, 6.0, 8.0, 6.0, 8.0]
scheme	hierarchy	4.857142857142857	[6.0, 6.0, 3.0, 2.0, 6.0, 4.0, 7.0]
revolt	offend	5.0	[8.0, 4.0, 5.0, 6.0, 4.0, 2.0, 6.0]
bleeding	ache	3.0	[4.0, 2.0, 3.0, 4.0, 4.0, 2.0, 2.0]
virgin	stainless	0.7142857142857143	[2.0, 2.0, 0.0, 0.0, 0.0, 0.0, 1.0]
revolutionary	advanced	5.571428571428571	[6.0, 4.0, 7.0, 6.0, 6.0, 4.0, 6.0]
reasonable	discreet	2.5714285714285716	[2.0, 4.0, 2.0, 2.0, 4.0, 4.0, 0.0]
heights	instrument	0.2857142857142857	[0.0, 1.0, 0.0, 0.0, 0.0, 0.0, 1.0]
roll	bowling	5.285714285714286	[6.0, 4.0, 7.0, 6.0, 4.0, 6.0, 4.0]
notion	consent	3.2857142857142856	[3.0, 4.0, 4.0, 2.0, 4.0, 4.0, 2.0]
license	approve	7.428571428571429	[7.0, 7.0, 6.0, 8.0, 8.0, 8.0, 8.0]
rotation	cycle	7.0	[4.0, 7.0, 8.0, 8.0, 8.0, 8.0, 6.0]
bore	move	2.5714285714285716	[1.0, 6.0, 4.0, 2.0, 2.0, 0.0, 3.0]
ambitious	excess	3.0	[2.0, 5.0, 4.0, 2.0, 4.0, 0.0, 4.0]
rub	touch	5.571428571428571	[4.0, 7.0, 6.0, 6.0, 6.0, 6.0, 4.0]
sweat	water	4.285714285714286	[6.0, 6.0, 4.0, 4.0, 4.0, 4.0, 2.0]
withdrawn	solitary	5.142857142857143	[8.0, 7.0, 2.0, 6.0, 3.0, 4.0, 6.0]
rude	neither	0.5714285714285714	[2.0, 2.0, 0.0, 0.0, 0.0, 0.0, 0.0]
tight	close	6.857142857142857	[6.0, 8.0, 6.0, 8.0, 6.0, 8.0, 6.0]
bold	fearless	8.0	[8.0, 8.0, 8.0, 8.0, 8.0, 8.0, 8.0]
sands	bond	1.1428571428571428	[2.0, 0.0, 1.0, 1.0, 0.0, 1.0, 3.0]
prospect	probe	4.857142857142857	[3.0, 4.0, 6.0, 8.0, 6.0, 6.0, 1.0]
standing	arise	6.857142857142857	[8.0, 5.0, 7.0, 8.0, 8.0, 8.0, 4.0]
save	buy	2.5714285714285716	[4.0, 2.0, 2.0, 2.0, 4.0, 2.0, 2.0]
big	considerable	6.285714285714286	[6.0, 6.0, 6.0, 8.0, 6.0, 6.0, 6.0]
tears	crack	4.857142857142857	[4.0, 2.0, 6.0, 6.0, 8.0, 6.0, 2.0]
scene	movie	4.571428571428571	[2.0, 6.0, 4.0, 4.0, 4.0, 6.0, 6.0]
settling	establish	6.428571428571429	[7.0, 6.0, 6.0, 6.0, 6.0, 6.0, 8.0]
mean	linked	1.2857142857142858	[1.0, 2.0, 0.0, 0.0, 0.0, 4.0, 2.0]
school	express	1.4285714285714286	[2.0, 2.0, 2.0, 0.0, 0.0, 0.0, 4.0]
remaining	residual	7.428571428571429	[6.0, 8.0, 8.0, 8.0, 8.0, 8.0, 6.0]
phrase	tune	3.857142857142857	[4.0, 5.0, 4.0, 4.0, 2.0, 4.0, 4.0]
scrap	blow	1.8571428571428572	[0.0, 4.0, 3.0, 1.0, 3.0, 2.0, 0.0]
society	sector	4.285714285714286	[4.0, 5.0, 2.0, 3.0, 3.0, 7.0, 6.0]
steady	eternal	2.5714285714285716	[4.0, 2.0, 4.0, 3.0, 4.0, 1.0, 0.0]
screen	screening	6.714285714285714	[8.0, 7.0, 8.0, 4.0, 8.0, 8.0, 4.0]
perform	finish	6.285714285714286	[8.0, 6.0, 6.0, 8.0, 4.0, 6.0, 6.0]
nail	matrix	4.285714285714286	[4.0, 5.0, 4.0, 6.0, 4.0, 3.0, 4.0]
screw	head	2.0	[2.0, 0.0, 2.0, 4.0, 2.0, 0.0, 4.0]
copyright	trust	1.2857142857142858	[3.0, 0.0, 2.0, 0.0, 0.0, 2.0, 2.0]
balance	parallel	3.2857142857142856	[4.0, 6.0, 2.0, 4.0, 5.0, 0.0, 2.0]
second	minute	4.428571428571429	[4.0, 4.0, 4.0, 6.0, 4.0, 6.0, 3.0]
seeking	port	0.8571428571428571	[2.0, 1.0, 2.0, 0.0, 1.0, 0.0, 0.0]
chain	hold	5.285714285714286	[6.0, 6.0, 4.0, 4.0, 7.0, 4.0, 6.0]
seizure	arrest	6.714285714285714	[6.0, 8.0, 7.0, 6.0, 8.0, 6.0, 6.0]
dependent	trusting	3.857142857142857	[4.0, 4.0, 7.0, 3.0, 2.0, 4.0, 3.0]
court	building	4.142857142857143	[4.0, 4.0, 7.0, 4.0, 2.0, 4.0, 4.0]
caution	discretion	5.857142857142857	[8.0, 6.0, 2.0, 4.0, 6.0, 8.0, 7.0]
severe	bitter	5.714285714285714	[4.0, 4.0, 8.0, 8.0, 5.0, 6.0, 5.0]
smash	trash	5.285714285714286	[4.0, 6.0, 8.0, 4.0, 5.0, 6.0, 4.0]
shining	eminent	5.285714285714286	[6.0, 3.0, 8.0, 4.0, 8.0, 2.0, 6.0]
domestic	national	5.714285714285714	[4.0, 5.0, 8.0, 4.0, 6.0, 8.0, 5.0]
bump	rattle	4.285714285714286	[4.0, 4.0, 6.0, 6.0, 4.0, 0.0, 6.0]
shoot	consume	2.5714285714285716	[3.0, 4.0, 1.0, 4.0, 2.0, 2.0, 2.0]
maria	broad	0.7142857142857143	[1.0, 0.0, 0.0, 0.0, 0.0, 2.0, 2.0]
enough	competence	3.5714285714285716	[5.0, 2.0, 6.0, 2.0, 2.0, 2.0, 6.0]
silence	censorship	6.714285714285714	[8.0, 4.0, 8.0, 6.0, 7.0, 6.0, 8.0]
difficulty	struggle	6.571428571428571	[6.0, 8.0, 8.0, 7.0, 4.0, 8.0, 5.0]
future	destined	6.0	[6.0, 6.0, 6.0, 8.0, 7.0, 4.0, 5.0]
slam	bridge	1.7142857142857142	[1.0, 3.0, 2.0, 2.0, 4.0, 0.0, 0.0]
criticism	regret	1.7142857142857142	[1.0, 4.0, 4.0, 1.0, 0.0, 2.0, 0.0]
corrupt	infect	6.0	[6.0, 3.0, 8.0, 7.0, 8.0, 6.0, 4.0]
small	petty	5.428571428571429	[6.0, 7.0, 4.0, 6.0, 8.0, 4.0, 3.0]
travel	overnight	2.7142857142857144	[4.0, 1.0, 2.0, 4.0, 4.0, 4.0, 0.0]
system	infrastructure	5.428571428571429	[6.0, 5.0, 4.0, 7.0, 6.0, 4.0, 6.0]
sold	give	4.142857142857143	[3.0, 6.0, 4.0, 2.0, 2.0, 4.0, 8.0]
span	extend	3.7142857142857144	[6.0, 0.0, 4.0, 4.0, 4.0, 2.0, 6.0]
crushed	win	1.0	[0.0, 0.0, 1.0, 0.0, 0.0, 2.0, 4.0]
speaking	vivid	2.5714285714285716	[2.0, 4.0, 1.0, 2.0, 4.0, 4.0, 1.0]
failure	nobody	2.4285714285714284	[0.0, 4.0, 2.0, 6.0, 0.0, 3.0, 2.0]
empty	stark	0.8571428571428571	[1.0, 4.0, 0.0, 0.0, 0.0, 1.0, 0.0]
tie	play	3.0	[5.0, 1.0, 6.0, 3.0, 4.0, 1.0, 1.0]
credited	accept	5.0	[6.0, 2.0, 7.0, 6.0, 8.0, 2.0, 4.0]
spoil	accommodate	1.0	[1.0, 4.0, 0.0, 2.0, 0.0, 0.0, 0.0]
tower	mount	4.142857142857143	[6.0, 2.0, 3.0, 4.0, 4.0, 6.0, 4.0]
link	chain	6.285714285714286	[7.0, 7.0, 4.0, 4.0, 8.0, 6.0, 8.0]
spray	lot	0.7142857142857143	[4.0, 0.0, 1.0, 0.0, 0.0, 0.0, 0.0]
ins	foot	1.1428571428571428	[4.0, 0.0, 4.0, 0.0, 0.0, 0.0, 0.0]
spend	crowd	0.0	[0.0, 0.0, 0.0, 0.0, 0.0, 0.0, 0.0]
stamp	battery	3.7142857142857144	[6.0, 3.0, 2.0, 2.0, 2.0, 6.0, 5.0]
convey	come	3.2857142857142856	[4.0, 4.0, 0.0, 2.0, 6.0, 5.0, 2.0]
pregnant	prolific	3.4285714285714284	[6.0, 1.0, 4.0, 4.0, 4.0, 1.0, 4.0]
stand	station	4.0	[6.0, 5.0, 4.0, 4.0, 2.0, 1.0, 6.0]
seriously	clearly	2.0	[5.0, 4.0, 2.0, 2.0, 0.0, 1.0, 0.0]
ultimate	utmost	6.714285714285714	[6.0, 8.0, 8.0, 4.0, 8.0, 5.0, 8.0]
stock	provide	5.714285714285714	[4.0, 5.0, 8.0, 4.0, 5.0, 8.0, 6.0]
composite	blended	4.285714285714286	[4.0, 6.0, 8.0, 5.0, 4.0, 2.0, 1.0]
lime	calcium	3.7142857142857144	[5.0, 6.0, 6.0, 3.0, 0.0, 2.0, 4.0]
stocks	pistol	0.2857142857142857	[2.0, 0.0, 0.0, 0.0, 0.0, 0.0, 0.0]
engagement	war	5.142857142857143	[2.0, 7.0, 4.0, 5.0, 4.0, 8.0, 6.0]
substance	fun	1.0	[2.0, 0.0, 0.0, 4.0, 0.0, 1.0, 0.0]
stop	camera	0.14285714285714285	[0.0, 0.0, 0.0, 0.0, 0.0, 1.0, 0.0]
surrender	investigation	0.5714285714285714	[0.0, 0.0, 0.0, 0.0, 2.0, 0.0, 2.0]
cash	reserve	4.0	[4.0, 6.0, 4.0, 2.0, 4.0, 4.0, 4.0]
strip	tongue	2.5714285714285716	[2.0, 2.0, 3.0, 0.0, 5.0, 4.0, 2.0]
dominant	stellar	3.142857142857143	[2.0, 2.0, 5.0, 1.0, 3.0, 7.0, 2.0]
win	compete	4.285714285714286	[6.0, 2.0, 4.0, 4.0, 5.0, 5.0, 4.0]
subject	scene	3.2857142857142856	[4.0, 4.0, 0.0, 5.0, 4.0, 0.0, 6.0]
shake	upset	4.142857142857143	[6.0, 2.0, 2.0, 5.0, 4.0, 6.0, 4.0]
interview	communication	4.571428571428571	[6.0, 4.0, 4.0, 4.0, 6.0, 4.0, 4.0]
substitute	attached	2.142857142857143	[2.0, 2.0, 2.0, 4.0, 1.0, 2.0, 2.0]
observing	mount	1.2857142857142858	[2.0, 0.0, 0.0, 2.0, 0.0, 1.0, 4.0]
drama	act	5.714285714285714	[4.0, 6.0, 6.0, 4.0, 8.0, 4.0, 8.0]
sung	duet	5.0	[6.0, 4.0, 4.0, 6.0, 4.0, 4.0, 7.0]
withdraw	meet	1.0	[2.0, 1.0, 1.0, 2.0, 0.0, 1.0, 0.0]
absolute	full	6.142857142857143	[4.0, 4.0, 8.0, 8.0, 6.0, 6.0, 7.0]
supper	consume	3.7142857142857144	[1.0, 4.0, 6.0, 4.0, 3.0, 2.0, 6.0]
supported	firm	3.7142857142857144	[4.0, 2.0, 6.0, 4.0, 2.0, 2.0, 6.0]
sleeping	dream	4.714285714285714	[6.0, 6.0, 3.0, 4.0, 6.0, 4.0, 4.0]
atmospheric	misty	4.285714285714286	[6.0, 4.0, 4.0, 4.0, 4.0, 6.0, 2.0]
early	presently	3.7142857142857144	[4.0, 4.0, 3.0, 4.0, 5.0, 2.0, 4.0]
seasonal	centennial	3.857142857142857	[4.0, 6.0, 4.0, 4.0, 7.0, 0.0, 2.0]
privileged	entitled	7.142857142857143	[6.0, 8.0, 8.0, 6.0, 8.0, 6.0, 8.0]
drug	medicinal	7.142857142857143	[6.0, 8.0, 6.0, 6.0, 8.0, 8.0, 8.0]
swept	glance	2.5714285714285716	[0.0, 2.0, 2.0, 4.0, 2.0, 4.0, 4.0]
matter	complication	2.0	[0.0, 0.0, 3.0, 4.0, 2.0, 0.0, 5.0]
remove	discard	6.0	[6.0, 4.0, 8.0, 6.0, 6.0, 8.0, 4.0]
table	leg	2.857142857142857	[2.0, 4.0, 4.0, 4.0, 4.0, 2.0, 0.0]
name	alias	6.571428571428571	[6.0, 5.0, 7.0, 6.0, 8.0, 8.0, 6.0]
tale	fiction	7.285714285714286	[7.0, 8.0, 7.0, 6.0, 7.0, 8.0, 8.0]
saving	provisional	2.2857142857142856	[2.0, 1.0, 0.0, 4.0, 4.0, 4.0, 1.0]
socially	psychologically	3.0	[4.0, 1.0, 2.0, 4.0, 4.0, 2.0, 4.0]
tan	sand	3.857142857142857	[6.0, 3.0, 2.0, 2.0, 2.0, 4.0, 8.0]
treasure	darling	5.571428571428571	[6.0, 5.0, 4.0, 6.0, 8.0, 8.0, 2.0]
dawn	succeed	2.0	[1.0, 4.0, 3.0, 0.0, 2.0, 0.0, 4.0]
tank	vessel	6.428571428571429	[6.0, 6.0, 8.0, 6.0, 5.0, 8.0, 6.0]
slip	label	1.8571428571428572	[4.0, 0.0, 4.0, 2.0, 2.0, 1.0, 0.0]
athletic	sporting	5.428571428571429	[5.0, 8.0, 6.0, 4.0, 5.0, 4.0, 6.0]
trial	misfortune	6.0	[5.0, 4.0, 8.0, 8.0, 5.0, 8.0, 4.0]
descent	falling	7.0	[6.0, 7.0, 4.0, 8.0, 8.0, 8.0, 8.0]
term	designation	4.857142857142857	[5.0, 7.0, 8.0, 4.0, 4.0, 4.0, 2.0]
shoulder	road	2.4285714285714284	[0.0, 4.0, 3.0, 4.0, 0.0, 4.0, 2.0]
quit	resign	8.0	[8.0, 8.0, 8.0, 8.0, 8.0, 8.0, 8.0]
terminal	battery	3.857142857142857	[4.0, 4.0, 5.0, 4.0, 2.0, 2.0, 6.0]
emotionally	FALSE	0.42857142857142855	[2.0, 1.0, 0.0, 0.0, 0.0, 0.0, 0.0]
innocent	legal	3.857142857142857	[4.0, 5.0, 4.0, 4.0, 2.0, 2.0, 6.0]
though	notwithstanding	6.571428571428571	[8.0, 4.0, 8.0, 6.0, 6.0, 6.0, 8.0]
locate	anger	0.0	[0.0, 0.0, 0.0, 0.0, 0.0, 0.0, 0.0]
exchange	commerce	4.428571428571429	[5.0, 5.0, 6.0, 4.0, 4.0, 2.0, 5.0]
thought	aim	2.857142857142857	[4.0, 2.0, 6.0, 2.0, 2.0, 4.0, 0.0]
herd	assemble	6.857142857142857	[8.0, 6.0, 6.0, 8.0, 6.0, 6.0, 8.0]
form	space	3.857142857142857	[4.0, 3.0, 2.0, 4.0, 4.0, 6.0, 4.0]
ton	quest	0.7142857142857143	[0.0, 5.0, 0.0, 0.0, 0.0, 0.0, 0.0]
angel	guardian	5.857142857142857	[7.0, 6.0, 6.0, 6.0, 6.0, 4.0, 6.0]
broadly	plain	4.571428571428571	[4.0, 7.0, 5.0, 4.0, 6.0, 4.0, 2.0]
tone	value	3.2857142857142856	[4.0, 7.0, 2.0, 2.0, 2.0, 1.0, 5.0]
buffalo	london	0.0	[0.0, 0.0, 0.0, 0.0, 0.0, 0.0, 0.0]
telegraph	strand	1.1428571428571428	[0.0, 0.0, 1.0, 2.0, 0.0, 2.0, 3.0]
total	come	1.0	[0.0, 2.0, 2.0, 0.0, 0.0, 1.0, 2.0]
regardless	anyway	8.0	[8.0, 8.0, 8.0, 8.0, 8.0, 8.0, 8.0]
sensitive	tender	7.285714285714286	[8.0, 6.0, 8.0, 8.0, 8.0, 7.0, 6.0]
touched	impressed	6.0	[4.0, 4.0, 8.0, 8.0, 4.0, 6.0, 8.0]
upper	beautiful	0.8571428571428571	[2.0, 0.0, 2.0, 0.0, 2.0, 0.0, 0.0]
forward	back	2.5714285714285716	[4.0, 4.0, 4.0, 2.0, 4.0, 0.0, 0.0]
transport	commerce	3.5714285714285716	[3.0, 6.0, 2.0, 4.0, 4.0, 2.0, 4.0]
kill	cease	6.285714285714286	[8.0, 4.0, 8.0, 4.0, 8.0, 4.0, 8.0]
bit	key	2.857142857142857	[4.0, 4.0, 4.0, 0.0, 4.0, 0.0, 4.0]
trash	rubbish	7.285714285714286	[6.0, 8.0, 5.0, 8.0, 8.0, 8.0, 8.0]
hand	arm	4.571428571428571	[4.0, 4.0, 4.0, 6.0, 4.0, 6.0, 4.0]
randomly	casually	4.285714285714286	[1.0, 1.0, 6.0, 6.0, 6.0, 4.0, 6.0]
treatment	history	1.1428571428571428	[1.0, 0.0, 0.0, 4.0, 2.0, 1.0, 0.0]
laptop	mac	3.5714285714285716	[4.0, 1.0, 4.0, 1.0, 7.0, 6.0, 2.0]
abandoned	shameless	3.142857142857143	[6.0, 3.0, 4.0, 2.0, 2.0, 3.0, 2.0]
tribal	tied	0.8571428571428571	[0.0, 1.0, 1.0, 0.0, 0.0, 2.0, 2.0]
point	instant	4.285714285714286	[8.0, 2.0, 2.0, 4.0, 6.0, 4.0, 4.0]
trunk	tree	4.285714285714286	[4.0, 6.0, 4.0, 4.0, 6.0, 0.0, 6.0]
sweep	bridge	1.7142857142857142	[0.0, 5.0, 0.0, 0.0, 3.0, 1.0, 3.0]
tune	phrase	4.0	[6.0, 2.0, 5.0, 3.0, 4.0, 2.0, 6.0]
sharp	short	3.7142857142857144	[2.0, 4.0, 6.0, 1.0, 6.0, 1.0, 6.0]
frame	assemble	5.571428571428571	[6.0, 4.0, 6.0, 6.0, 4.0, 6.0, 7.0]
kidney	liver	4.571428571428571	[4.0, 4.0, 4.0, 4.0, 6.0, 4.0, 6.0]
pas	philadelphia	0.8571428571428571	[0.0, 1.0, 0.0, 0.0, 0.0, 0.0, 5.0]
intervention	remedy	3.857142857142857	[2.0, 7.0, 2.0, 5.0, 6.0, 2.0, 3.0]
vicious	infamous	4.714285714285714	[8.0, 7.0, 4.0, 6.0, 2.0, 2.0, 4.0]
academic	college	5.142857142857143	[6.0, 6.0, 4.0, 4.0, 4.0, 6.0, 6.0]
young	offspring	6.714285714285714	[8.0, 7.0, 8.0, 6.0, 8.0, 6.0, 4.0]
violated	spoil	5.142857142857143	[6.0, 6.0, 4.0, 4.0, 4.0, 6.0, 6.0]
craft	ship	6.714285714285714	[6.0, 7.0, 8.0, 4.0, 8.0, 8.0, 6.0]
pair	mates	7.714285714285714	[6.0, 8.0, 8.0, 8.0, 8.0, 8.0, 8.0]
visit	weekend	1.7142857142857142	[2.0, 3.0, 2.0, 0.0, 4.0, 0.0, 1.0]
palm	hand	5.428571428571429	[6.0, 6.0, 4.0, 4.0, 6.0, 6.0, 6.0]
sunny	joyful	3.857142857142857	[5.0, 3.0, 2.0, 4.0, 2.0, 6.0, 5.0]
surprise	unexpected	7.714285714285714	[8.0, 6.0, 8.0, 8.0, 8.0, 8.0, 8.0]
waist	gut	4.571428571428571	[6.0, 4.0, 6.0, 4.0, 6.0, 2.0, 4.0]
sunlight	tan	3.4285714285714284	[4.0, 6.0, 2.0, 4.0, 4.0, 2.0, 2.0]
handsome	graceful	5.571428571428571	[4.0, 8.0, 6.0, 8.0, 5.0, 4.0, 4.0]
wash	cleaning	6.857142857142857	[8.0, 6.0, 8.0, 6.0, 6.0, 8.0, 6.0]
thesis	opinion	6.0	[8.0, 4.0, 8.0, 4.0, 4.0, 6.0, 8.0]
brush	generator	2.2857142857142856	[4.0, 2.0, 6.0, 2.0, 2.0, 0.0, 0.0]
wasted	flying	1.4285714285714286	[2.0, 0.0, 4.0, 0.0, 4.0, 0.0, 0.0]
bureau	shelf	5.0	[4.0, 6.0, 4.0, 7.0, 4.0, 6.0, 4.0]
alike	matched	6.857142857142857	[6.0, 6.0, 8.0, 6.0, 8.0, 8.0, 6.0]
waters	rain	5.571428571428571	[6.0, 7.0, 4.0, 6.0, 6.0, 6.0, 4.0]
zoo	circus	3.142857142857143	[4.0, 4.0, 2.0, 4.0, 4.0, 2.0, 2.0]
notice	proclamation	6.714285714285714	[8.0, 4.0, 8.0, 6.0, 8.0, 8.0, 5.0]
delivery	birth	7.428571428571429	[8.0, 8.0, 8.0, 8.0, 8.0, 6.0, 6.0]
wait	stall	6.857142857142857	[8.0, 8.0, 8.0, 8.0, 6.0, 6.0, 4.0]
weakened	drained	6.0	[6.0, 6.0, 8.0, 8.0, 4.0, 6.0, 4.0]
finished	over	7.428571428571429	[6.0, 8.0, 8.0, 8.0, 6.0, 8.0, 8.0]
file	rub	1.5714285714285714	[1.0, 4.0, 0.0, 2.0, 2.0, 2.0, 0.0]
well	greatly	4.571428571428571	[6.0, 6.0, 1.0, 4.0, 6.0, 4.0, 5.0]
singles	hit	3.7142857142857144	[1.0, 4.0, 4.0, 6.0, 4.0, 4.0, 3.0]
seat	skirt	1.8571428571428572	[0.0, 0.0, 2.0, 3.0, 4.0, 0.0, 4.0]
wells	cup	1.8571428571428572	[4.0, 4.0, 0.0, 3.0, 1.0, 0.0, 1.0]
full	perfect	4.0	[3.0, 4.0, 6.0, 4.0, 4.0, 6.0, 1.0]
shape	chassis	2.142857142857143	[3.0, 4.0, 2.0, 5.0, 0.0, 0.0, 1.0]
wheel	rim	5.142857142857143	[6.0, 6.0, 6.0, 4.0, 4.0, 4.0, 6.0]
nowadays	shortly	2.7142857142857144	[2.0, 2.0, 2.0, 6.0, 0.0, 4.0, 3.0]
wherever	everywhere	5.714285714285714	[8.0, 4.0, 4.0, 4.0, 8.0, 4.0, 8.0]
paint	deny	1.0	[0.0, 6.0, 1.0, 0.0, 0.0, 0.0, 0.0]
wild	extravagant	4.285714285714286	[4.0, 4.0, 6.0, 6.0, 4.0, 6.0, 0.0]
end	goal	4.142857142857143	[4.0, 4.0, 2.0, 1.0, 4.0, 8.0, 6.0]
cos	head	0.2857142857142857	[0.0, 1.0, 0.0, 1.0, 0.0, 0.0, 0.0]
wrap	cape	4.285714285714286	[6.0, 4.0, 3.0, 2.0, 6.0, 3.0, 6.0]
writings	handwriting	5.714285714285714	[4.0, 7.0, 6.0, 6.0, 5.0, 6.0, 6.0]
fun	game	4.142857142857143	[2.0, 6.0, 6.0, 6.0, 4.0, 5.0, 0.0]
shooting	consume	0.8571428571428571	[2.0, 2.0, 0.0, 0.0, 2.0, 0.0, 0.0]
written	signed	5.142857142857143	[6.0, 1.0, 6.0, 5.0, 6.0, 6.0, 6.0]
precise	stiff	3.4285714285714284	[3.0, 0.0, 6.0, 3.0, 4.0, 6.0, 2.0]
pissed	intoxicated	7.571428571428571	[8.0, 8.0, 8.0, 7.0, 6.0, 8.0, 8.0]
wrong	wide	1.0	[0.0, 0.0, 2.0, 0.0, 0.0, 4.0, 1.0]
influence	bribe	4.857142857142857	[5.0, 4.0, 4.0, 4.0, 6.0, 8.0, 3.0]
turnover	departure	3.0	[3.0, 3.0, 2.0, 0.0, 4.0, 5.0, 4.0]
marks	significant	5.285714285714286	[4.0, 6.0, 4.0, 6.0, 6.0, 7.0, 4.0]
book	rule	4.142857142857143	[4.0, 4.0, 2.0, 6.0, 4.0, 3.0, 6.0]
FALSE	pretended	4.428571428571429	[4.0, 4.0, 4.0, 7.0, 2.0, 4.0, 6.0]
audio	television	4.571428571428571	[6.0, 4.0, 4.0, 6.0, 4.0, 4.0, 4.0]
typing	touch	2.7142857142857144	[2.0, 0.0, 4.0, 7.0, 1.0, 2.0, 3.0]
